...
DATE	LABEL	26/7/2022	Date
TIME	LABEL	11:26:29	Time
...
CURVE	TABLE	605
	Pt	T	Vf	Im	Vu	Pwr	Sig	Ach	Temp	IERange	Over
	#	s	V	A	V	W	V	V	deg C	#	bits
	0	5	5,89548E-001	1,00017E-001	0,00000E+000	5,89648E-002	2,99869E-001	0,00000E+000	1,40774E+003	12	...........
	1	10	6,07310E-001	1,00016E-001	0,00000E+000	6,07410E-002	2,99869E-001	0,00000E+000	1,40780E+003	12	...........
	2	15	6,09967E-001	1,00017E-001	0,00000E+000	6,10068E-002	2,99869E-001	0,00000E+000	1,40778E+003	12	...........
	3	20	6,21023E-001	1,00016E-001	0,00000E+000	6,21123E-002	2,99869E-001	0,00000E+000	1,40780E+003	12	...........
	4	25	6,32834E-001	1,00016E-001	0,00000E+000	6,32938E-002	2,99869E-001	0,00000E+000	1,40780E+003	12	...........
	5	30	6,40473E-001	1,00016E-001	0,00000E+000	6,40577E-002	2,99869E-001	0,00000E+000	1,40780E+003	12	...........
	6	35	6,45763E-001	1,00016E-001	0,00000E+000	6,45867E-002	2,99869E-001	0,00000E+000	1,40780E+003	12	...........
	7	40	6,50527E-001	1,00016E-001	0,00000E+000	6,50630E-002	2,99869E-001	0,00000E+000	1,40780E+003	12	...........
	8	45	6,54168E-001	1,00016E-001	0,00000E+000	6,54270E-002	2,99869E-001	0,00000E+000	1,40780E+003	12	...........
	9	50	6,56830E-001	1,00016E-001	0,00000E+000	6,56934E-002	2,99869E-001	0,00000E+000	1,40780E+003	12	...........
	10	55	6,58708E-001	1,00016E-001	0,00000E+000	6,58812E-002	2,99869E-001	0,00000E+000	1,40780E+003	12	...........
	11	60	6,60227E-001	1,00017E-001	0,00000E+000	6,60340E-002	2,99869E-001	0,00000E+000	1,40780E+003	12	...........
	12	65	6,61630E-001	1,00015E-001	0,00000E+000	6,61732E-002	2,99869E-001	0,00000E+000	1,40780E+003	12	...........
	13	70	6,62852E-001	1,00016E-001	0,00000E+000	6,62956E-002	2,99869E-001	0,00000E+000	1,40778E+003	12	...........
	14	75	6,63760E-001	1,00015E-001	0,00000E+000	6,63861E-002	2,99869E-001	0,00000E+000	1,40780E+003	12	...........
	15	80	6,64441E-001	1,00016E-001	0,00000E+000	6,64546E-002	2,99869E-001	0,00000E+000	1,40780E+003	12	...........
	16	85	6,65034E-001	1,00016E-001	0,00000E+000	6,65141E-002	2,99869E-001	0,00000E+000	1,40780E+003	12	...........
	17	90	6,65466E-001	1,00017E-001	0,00000E+000	6,65578E-002	2,99869E-001	0,00000E+000	1,40780E+003	12	...........
	18	95	6,65840E-001	1,00016E-001	0,00000E+000	6,65946E-002	2,99869E-001	0,00000E+000	1,40778E+003	12	...........
	19	100	6,66251E-001	1,00017E-001	0,00000E+000	6,66362E-002	2,99869E-001	0,00000E+000	1,40780E+003	12	...........
	20	105	6,66573E-001	1,00016E-001	0,00000E+000	6,66680E-002	2,99869E-001	0,00000E+000	1,40780E+003	12	...........
	21	110	6,66827E-001	1,00017E-001	0,00000E+000	6,66937E-002	2,99869E-001	0,00000E+000	1,40780E+003	12	...........
	22	115	6,67026E-001	1,00016E-001	0,00000E+000	6,67131E-002	2,99869E-001	0,00000E+000	1,40780E+003	12	...........
	23	120	6,67196E-001	1,00017E-001	0,00000E+000	6,67306E-002	2,99869E-001	0,00000E+000	1,40780E+003	12	...........
	24	125	6,67396E-001	1,00017E-001	0,00000E+000	6,67507E-002	2,99869E-001	0,00000E+000	1,40780E+003	12	...........
	25	130	6,67588E-001	1,00016E-001	0,00000E+000	6,67698E-002	2,99869E-001	0,00000E+000	1,40778E+003	12	...........
	26	135	6,67744E-001	1,00017E-001	0,00000E+000	6,67855E-002	2,99869E-001	0,00000E+000	1,40780E+003	12	...........
	27	140	6,67888E-001	1,00016E-001	0,00000E+000	6,67993E-002	2,99869E-001	0,00000E+000	1,40780E+003	12	...........
	28	145	6,68040E-001	1,00017E-001	0,00000E+000	6,68151E-002	2,99869E-001	0,00000E+000	1,40780E+003	12	...........
	29	150	6,68141E-001	1,00016E-001	0,00000E+000	6,68250E-002	2,99869E-001	0,00000E+000	1,40780E+003	12	...........
	30	155	6,68248E-001	1,00016E-001	0,00000E+000	6,68358E-002	2,99869E-001	0,00000E+000	1,40780E+003	12	...........
	31	160	6,68385E-001	1,00017E-001	0,00000E+000	6,68499E-002	2,99869E-001	0,00000E+000	1,40780E+003	12	...........
	32	165	6,68504E-001	1,00017E-001	0,00000E+000	6,68615E-002	2,99869E-001	0,00000E+000	1,40780E+003	12	...........
	33	170	6,68648E-001	1,00016E-001	0,00000E+000	6,68756E-002	2,99869E-001	0,00000E+000	1,40780E+003	12	...........
	34	175	6,68773E-001	1,00017E-001	0,00000E+000	6,68886E-002	2,99869E-001	0,00000E+000	1,40780E+003	12	...........
	35	180	6,68843E-001	1,00016E-001	0,00000E+000	6,68953E-002	2,99869E-001	0,00000E+000	1,40780E+003	12	...........
	36	185	6,68925E-001	1,00017E-001	0,00000E+000	6,69039E-002	2,99869E-001	0,00000E+000	1,40780E+003	12	...........
	37	190	6,69062E-001	1,00017E-001	0,00000E+000	6,69174E-002	2,99869E-001	0,00000E+000	1,40780E+003	12	...........
	38	195	6,69180E-001	1,00017E-001	0,00000E+000	6,69293E-002	2,99869E-001	0,00000E+000	1,40778E+003	12	...........
	39	200	6,69291E-001	1,00016E-001	0,00000E+000	6,69397E-002	2,99869E-001	0,00000E+000	1,40780E+003	12	...........
	40	205	6,69397E-001	1,00017E-001	0,00000E+000	6,69510E-002	2,99869E-001	0,00000E+000	1,40780E+003	12	...........
	41	210	6,69488E-001	1,00017E-001	0,00000E+000	6,69600E-002	2,99869E-001	0,00000E+000	1,40780E+003	12	...........
	42	215	6,69581E-001	1,00016E-001	0,00000E+000	6,69688E-002	2,99869E-001	0,00000E+000	1,40780E+003	12	...........
	43	220	6,69724E-001	1,00016E-001	0,00000E+000	6,69833E-002	2,99869E-001	0,00000E+000	1,40780E+003	12	...........
	44	225	6,69832E-001	1,00017E-001	0,00000E+000	6,69947E-002	2,99869E-001	0,00000E+000	1,40780E+003	12	...........
	45	230	6,69950E-001	1,00017E-001	0,00000E+000	6,70065E-002	2,99869E-001	0,00000E+000	1,40780E+003	12	...........
	46	235	6,70039E-001	1,00017E-001	0,00000E+000	6,70153E-002	2,99869E-001	0,00000E+000	1,40780E+003	12	...........
	47	240	6,70125E-001	1,00017E-001	0,00000E+000	6,70240E-002	2,99869E-001	0,00000E+000	1,40780E+003	12	...........
	48	245	6,70212E-001	1,00016E-001	0,00000E+000	6,70319E-002	2,99869E-001	0,00000E+000	1,40778E+003	12	...........
	49	250	6,70341E-001	1,00017E-001	0,00000E+000	6,70453E-002	2,99869E-001	0,00000E+000	1,40780E+003	12	...........
	50	255	6,70439E-001	1,00016E-001	0,00000E+000	6,70549E-002	2,99869E-001	0,00000E+000	1,40780E+003	12	...........
	51	260	6,70546E-001	1,00017E-001	0,00000E+000	6,70657E-002	2,99869E-001	0,00000E+000	1,40780E+003	12	...........
	52	265	6,70638E-001	1,00016E-001	0,00000E+000	6,70748E-002	2,99869E-001	0,00000E+000	1,40776E+003	12	...........
	53	270	6,70717E-001	1,00016E-001	0,00000E+000	6,70826E-002	2,99869E-001	0,00000E+000	1,40775E+003	12	...........
	54	275	6,70816E-001	1,00017E-001	0,00000E+000	6,70930E-002	2,99869E-001	0,00000E+000	1,40777E+003	12	...........
	55	280	6,70937E-001	1,00016E-001	0,00000E+000	6,71042E-002	2,99869E-001	0,00000E+000	1,40778E+003	12	...........
	56	285	6,71033E-001	1,00016E-001	0,00000E+000	6,71140E-002	2,99869E-001	0,00000E+000	1,40780E+003	12	...........
	57	290	6,71131E-001	1,00016E-001	0,00000E+000	6,71237E-002	2,99869E-001	0,00000E+000	1,40780E+003	12	...........
	58	295	6,71228E-001	1,00017E-001	0,00000E+000	6,71340E-002	2,99869E-001	0,00000E+000	1,40777E+003	12	...........
	59	300	6,71315E-001	1,00016E-001	0,00000E+000	6,71421E-002	2,99869E-001	0,00000E+000	1,40778E+003	12	...........
	60	305	6,71402E-001	1,00016E-001	0,00000E+000	6,71509E-002	2,99869E-001	0,00000E+000	1,40777E+003	12	...........
	61	310	6,71513E-001	1,00015E-001	0,00000E+000	6,71617E-002	2,99869E-001	0,00000E+000	1,40775E+003	12	...........
	62	315	6,71608E-001	1,00016E-001	0,00000E+000	6,71714E-002	2,99869E-001	0,00000E+000	1,40779E+003	12	...........
	63	320	6,71715E-001	1,00015E-001	0,00000E+000	6,71819E-002	2,99869E-001	0,00000E+000	1,40779E+003	12	...........
	64	325	6,71803E-001	1,00016E-001	0,00000E+000	6,71913E-002	2,99869E-001	0,00000E+000	1,40780E+003	12	...........
	65	330	6,71890E-001	1,00017E-001	0,00000E+000	6,72002E-002	2,99869E-001	0,00000E+000	1,40777E+003	12	...........
	66	335	6,71981E-001	1,00017E-001	0,00000E+000	6,72096E-002	2,99869E-001	0,00000E+000	1,40775E+003	12	...........
	67	340	6,72080E-001	1,00016E-001	0,00000E+000	6,72189E-002	2,99869E-001	0,00000E+000	1,40778E+003	12	...........
	68	345	6,72187E-001	1,00017E-001	0,00000E+000	6,72298E-002	2,99869E-001	0,00000E+000	1,40777E+003	12	...........
	69	350	6,72275E-001	1,00016E-001	0,00000E+000	6,72386E-002	2,99869E-001	0,00000E+000	1,40778E+003	12	...........
	70	355	6,72385E-001	1,00017E-001	0,00000E+000	6,72497E-002	2,99869E-001	0,00000E+000	1,40776E+003	12	...........
	71	360	6,72464E-001	1,00017E-001	0,00000E+000	6,72576E-002	2,99869E-001	0,00000E+000	1,40779E+003	12	...........
	72	365	6,72558E-001	1,00017E-001	0,00000E+000	6,72672E-002	2,99869E-001	0,00000E+000	1,40780E+003	12	...........
	73	370	6,72654E-001	1,00017E-001	0,00000E+000	6,72766E-002	2,99869E-001	0,00000E+000	1,40779E+003	12	...........
	74	375	6,72764E-001	1,00017E-001	0,00000E+000	6,72876E-002	2,99869E-001	0,00000E+000	1,40778E+003	12	...........
	75	380	6,72869E-001	1,00017E-001	0,00000E+000	6,72982E-002	2,99869E-001	0,00000E+000	1,40776E+003	12	...........
	76	385	6,72972E-001	1,00016E-001	0,00000E+000	6,73078E-002	2,99869E-001	0,00000E+000	1,40780E+003	12	...........
	77	390	6,73041E-001	1,00017E-001	0,00000E+000	6,73156E-002	2,99869E-001	0,00000E+000	1,40776E+003	12	...........
	78	395	6,73119E-001	1,00016E-001	0,00000E+000	6,73225E-002	2,99869E-001	0,00000E+000	1,40778E+003	12	...........
	79	400	6,73227E-001	1,00016E-001	0,00000E+000	6,73334E-002	2,99869E-001	0,00000E+000	1,40775E+003	12	...........
	80	405	6,73332E-001	1,00016E-001	0,00000E+000	6,73439E-002	2,99869E-001	0,00000E+000	1,40780E+003	12	...........
	81	410	6,73430E-001	1,00017E-001	0,00000E+000	6,73547E-002	2,99869E-001	0,00000E+000	1,40780E+003	12	...........
	82	415	6,73524E-001	1,00016E-001	0,00000E+000	6,73633E-002	2,99869E-001	0,00000E+000	1,40775E+003	12	...........
	83	420	6,73608E-001	1,00017E-001	0,00000E+000	6,73720E-002	2,99869E-001	0,00000E+000	1,40775E+003	12	...........
	84	425	6,73692E-001	1,00017E-001	0,00000E+000	6,73806E-002	2,99869E-001	0,00000E+000	1,40777E+003	12	...........
	85	430	6,73811E-001	1,00016E-001	0,00000E+000	6,73922E-002	2,99869E-001	0,00000E+000	1,40775E+003	12	...........
	86	435	6,73907E-001	1,00016E-001	0,00000E+000	6,74017E-002	2,99869E-001	0,00000E+000	1,40775E+003	12	...........
	87	440	6,73999E-001	1,00017E-001	0,00000E+000	6,74111E-002	2,99869E-001	0,00000E+000	1,40780E+003	12	...........
	88	445	6,74105E-001	1,00017E-001	0,00000E+000	6,74217E-002	2,99869E-001	0,00000E+000	1,40776E+003	12	...........
	89	450	6,74169E-001	1,00016E-001	0,00000E+000	6,74278E-002	2,99869E-001	0,00000E+000	1,40775E+003	12	...........
	90	455	6,74269E-001	1,00016E-001	0,00000E+000	6,74374E-002	2,99869E-001	0,00000E+000	1,40780E+003	12	...........
	91	460	6,74361E-001	1,00016E-001	0,00000E+000	6,74469E-002	2,99869E-001	0,00000E+000	1,40775E+003	12	...........
	92	465	6,74453E-001	1,00016E-001	0,00000E+000	6,74561E-002	2,99869E-001	0,00000E+000	1,40775E+003	12	...........
	93	470	6,74549E-001	1,00016E-001	0,00000E+000	6,74659E-002	2,99869E-001	0,00000E+000	1,40777E+003	12	...........
	94	475	6,74642E-001	1,00016E-001	0,00000E+000	6,74751E-002	2,99869E-001	0,00000E+000	1,40775E+003	12	...........
	95	480	6,74726E-001	1,00016E-001	0,00000E+000	6,74834E-002	2,99869E-001	0,00000E+000	1,40775E+003	12	...........
	96	485	6,74800E-001	1,00017E-001	0,00000E+000	6,74916E-002	2,99869E-001	0,00000E+000	1,40775E+003	12	...........
	97	490	6,74900E-001	1,00016E-001	0,00000E+000	6,75010E-002	2,99869E-001	0,00000E+000	1,40775E+003	12	...........
	98	495	6,75011E-001	1,00016E-001	0,00000E+000	6,75118E-002	2,99869E-001	0,00000E+000	1,40776E+003	12	...........
	99	500	6,75109E-001	1,00017E-001	0,00000E+000	6,75223E-002	2,99869E-001	0,00000E+000	1,40777E+003	12	...........
	100	505	6,75193E-001	1,00017E-001	0,00000E+000	6,75305E-002	2,99869E-001	0,00000E+000	1,40778E+003	12	...........
	101	510	6,75272E-001	1,00016E-001	0,00000E+000	6,75383E-002	2,99869E-001	0,00000E+000	1,40776E+003	12	...........
	102	515	6,75352E-001	1,00016E-001	0,00000E+000	6,75463E-002	2,99869E-001	0,00000E+000	1,40776E+003	12	...........
	103	520	6,75471E-001	1,00016E-001	0,00000E+000	6,75582E-002	2,99869E-001	0,00000E+000	1,40780E+003	12	...........
	104	525	6,75555E-001	1,00016E-001	0,00000E+000	6,75665E-002	2,99869E-001	0,00000E+000	1,40777E+003	12	...........
	105	530	6,75651E-001	1,00017E-001	0,00000E+000	6,75765E-002	2,99869E-001	0,00000E+000	1,40775E+003	12	...........
	106	535	6,75755E-001	1,00015E-001	0,00000E+000	6,75859E-002	2,99869E-001	0,00000E+000	1,40775E+003	12	...........
	107	540	6,75817E-001	1,00017E-001	0,00000E+000	6,75932E-002	2,99869E-001	0,00000E+000	1,40775E+003	12	...........
	108	545	6,75915E-001	1,00016E-001	0,00000E+000	6,76025E-002	2,99869E-001	0,00000E+000	1,40778E+003	12	...........
	109	550	6,76010E-001	1,00016E-001	0,00000E+000	6,76118E-002	2,99869E-001	0,00000E+000	1,40775E+003	12	...........
	110	555	6,76096E-001	1,00017E-001	0,00000E+000	6,76213E-002	2,99869E-001	0,00000E+000	1,40775E+003	12	...........
	111	560	6,76187E-001	1,00016E-001	0,00000E+000	6,76297E-002	2,99869E-001	0,00000E+000	1,40776E+003	12	...........
	112	565	6,76291E-001	1,00017E-001	0,00000E+000	6,76405E-002	2,99869E-001	0,00000E+000	1,40776E+003	12	...........
	113	570	6,76361E-001	1,00016E-001	0,00000E+000	6,76472E-002	2,99869E-001	0,00000E+000	1,40775E+003	12	...........
	114	575	6,76449E-001	1,00017E-001	0,00000E+000	6,76562E-002	2,99869E-001	0,00000E+000	1,40775E+003	12	...........
	115	580	6,76539E-001	1,00016E-001	0,00000E+000	6,76646E-002	2,99869E-001	0,00000E+000	1,40777E+003	12	...........
	116	585	6,76641E-001	1,00016E-001	0,00000E+000	6,76752E-002	2,99869E-001	0,00000E+000	1,40778E+003	12	...........
	117	590	6,76742E-001	1,00016E-001	0,00000E+000	6,76850E-002	2,99869E-001	0,00000E+000	1,40778E+003	12	...........
	118	595	6,76827E-001	1,00017E-001	0,00000E+000	6,76939E-002	2,99869E-001	0,00000E+000	1,40778E+003	12	...........
	119	600	6,76909E-001	1,00016E-001	0,00000E+000	6,77017E-002	2,99869E-001	0,00000E+000	1,40775E+003	12	...........
	120	605	6,77004E-001	1,00016E-001	0,00000E+000	6,77109E-002	2,99869E-001	0,00000E+000	1,40777E+003	12	...........
	121	610	6,77094E-001	1,00016E-001	0,00000E+000	6,77200E-002	2,99869E-001	0,00000E+000	1,40778E+003	12	...........
	122	615	6,77192E-001	1,00017E-001	0,00000E+000	6,77308E-002	2,99869E-001	0,00000E+000	1,40779E+003	12	...........
	123	620	6,77298E-001	1,00017E-001	0,00000E+000	6,77410E-002	2,99869E-001	0,00000E+000	1,40780E+003	12	...........
	124	625	6,77381E-001	1,00017E-001	0,00000E+000	6,77494E-002	2,99869E-001	0,00000E+000	1,40776E+003	12	...........
	125	630	6,77465E-001	1,00017E-001	0,00000E+000	6,77580E-002	2,99869E-001	0,00000E+000	1,40775E+003	12	...........
	126	635	6,77543E-001	1,00016E-001	0,00000E+000	6,77653E-002	2,99869E-001	0,00000E+000	1,40780E+003	12	...........
	127	640	6,77634E-001	1,00016E-001	0,00000E+000	6,77744E-002	2,99869E-001	0,00000E+000	1,40779E+003	12	...........
	128	645	6,77745E-001	1,00016E-001	0,00000E+000	6,77855E-002	2,99869E-001	0,00000E+000	1,40778E+003	12	...........
	129	650	6,77843E-001	1,00016E-001	0,00000E+000	6,77949E-002	2,99869E-001	0,00000E+000	1,40780E+003	12	...........
	130	655	6,77933E-001	1,00016E-001	0,00000E+000	6,78042E-002	2,99869E-001	0,00000E+000	1,40780E+003	12	...........
	131	660	6,78017E-001	1,00017E-001	0,00000E+000	6,78132E-002	2,99869E-001	0,00000E+000	1,40776E+003	12	...........
	132	665	6,78114E-001	1,00017E-001	0,00000E+000	6,78226E-002	2,99869E-001	0,00000E+000	1,40776E+003	12	...........
	133	670	6,78201E-001	1,00017E-001	0,00000E+000	6,78314E-002	2,99869E-001	0,00000E+000	1,40775E+003	12	...........
	134	675	6,78289E-001	1,00016E-001	0,00000E+000	6,78401E-002	2,99869E-001	0,00000E+000	1,40775E+003	12	...........
	135	680	6,78392E-001	1,00017E-001	0,00000E+000	6,78506E-002	2,99869E-001	0,00000E+000	1,40776E+003	12	...........
	136	685	6,78493E-001	1,00016E-001	0,00000E+000	6,78605E-002	2,99869E-001	0,00000E+000	1,40777E+003	12	...........
	137	690	6,78568E-001	1,00016E-001	0,00000E+000	6,78676E-002	2,99869E-001	0,00000E+000	1,40778E+003	12	...........
	138	695	6,78657E-001	1,00016E-001	0,00000E+000	6,78765E-002	2,99869E-001	0,00000E+000	1,40780E+003	12	...........
	139	700	6,78747E-001	1,00016E-001	0,00000E+000	6,78856E-002	2,99869E-001	0,00000E+000	1,40776E+003	12	...........
	140	705	6,78848E-001	1,00015E-001	0,00000E+000	6,78953E-002	2,99869E-001	0,00000E+000	1,40779E+003	12	...........
	141	710	6,78944E-001	1,00016E-001	0,00000E+000	6,79055E-002	2,99869E-001	0,00000E+000	1,40780E+003	12	...........
	142	715	6,79041E-001	1,00015E-001	0,00000E+000	6,79143E-002	2,99869E-001	0,00000E+000	1,40776E+003	12	...........
	143	720	6,79133E-001	1,00016E-001	0,00000E+000	6,79241E-002	2,99869E-001	0,00000E+000	1,40780E+003	12	...........
	144	725	6,79218E-001	1,00016E-001	0,00000E+000	6,79325E-002	2,99869E-001	0,00000E+000	1,40779E+003	12	...........
	145	730	6,79314E-001	1,00016E-001	0,00000E+000	6,79421E-002	2,99869E-001	0,00000E+000	1,40780E+003	12	...........
	146	735	6,79411E-001	1,00016E-001	0,00000E+000	6,79518E-002	2,99869E-001	0,00000E+000	1,40780E+003	12	...........
	147	740	6,79499E-001	1,00016E-001	0,00000E+000	6,79610E-002	2,99869E-001	0,00000E+000	1,40778E+003	12	...........
	148	745	6,79599E-001	1,00016E-001	0,00000E+000	6,79709E-002	2,99869E-001	0,00000E+000	1,40780E+003	12	...........
	149	750	6,79692E-001	1,00016E-001	0,00000E+000	6,79802E-002	2,99869E-001	0,00000E+000	1,40780E+003	12	...........
	150	755	6,79765E-001	1,00016E-001	0,00000E+000	6,79875E-002	2,99869E-001	0,00000E+000	1,40780E+003	12	...........
	151	760	6,79869E-001	1,00016E-001	0,00000E+000	6,79980E-002	2,99869E-001	0,00000E+000	1,40780E+003	12	...........
	152	765	6,79970E-001	1,00016E-001	0,00000E+000	6,80076E-002	2,99869E-001	0,00000E+000	1,40780E+003	12	...........
	153	770	6,80061E-001	1,00016E-001	0,00000E+000	6,80166E-002	2,99869E-001	0,00000E+000	1,40780E+003	12	...........
	154	775	6,80157E-001	1,00016E-001	0,00000E+000	6,80264E-002	2,99869E-001	0,00000E+000	1,40780E+003	12	...........
	155	780	6,80243E-001	1,00016E-001	0,00000E+000	6,80350E-002	2,99869E-001	0,00000E+000	1,40780E+003	12	...........
	156	785	6,80317E-001	1,00017E-001	0,00000E+000	6,80435E-002	2,99869E-001	0,00000E+000	1,40780E+003	12	...........
	157	790	6,80427E-001	1,00016E-001	0,00000E+000	6,80535E-002	2,99869E-001	0,00000E+000	1,40780E+003	12	...........
	158	795	6,80530E-001	1,00017E-001	0,00000E+000	6,80644E-002	2,99869E-001	0,00000E+000	1,40780E+003	12	...........
	159	800	6,80620E-001	1,00016E-001	0,00000E+000	6,80732E-002	2,99869E-001	0,00000E+000	1,40780E+003	12	...........
	160	805	6,80713E-001	1,00017E-001	0,00000E+000	6,80828E-002	2,99869E-001	0,00000E+000	1,40780E+003	12	...........
	161	810	6,80792E-001	1,00016E-001	0,00000E+000	6,80904E-002	2,99869E-001	0,00000E+000	1,40780E+003	12	...........
	162	815	6,80877E-001	1,00015E-001	0,00000E+000	6,80981E-002	2,99869E-001	0,00000E+000	1,40780E+003	12	...........
	163	820	6,80986E-001	1,00017E-001	0,00000E+000	6,81100E-002	2,99869E-001	0,00000E+000	1,40780E+003	12	...........
	164	825	6,81083E-001	1,00017E-001	0,00000E+000	6,81196E-002	2,99869E-001	0,00000E+000	1,40780E+003	12	...........
	165	830	6,81185E-001	1,00016E-001	0,00000E+000	6,81297E-002	2,99869E-001	0,00000E+000	1,40780E+003	12	...........
	166	835	6,81279E-001	1,00017E-001	0,00000E+000	6,81392E-002	2,99869E-001	0,00000E+000	1,40780E+003	12	...........
	167	840	6,81354E-001	1,00016E-001	0,00000E+000	6,81463E-002	2,99869E-001	0,00000E+000	1,40780E+003	12	...........
	168	845	6,81442E-001	1,00016E-001	0,00000E+000	6,81553E-002	2,99869E-001	0,00000E+000	1,40780E+003	12	...........
	169	850	6,81551E-001	1,00017E-001	0,00000E+000	6,81664E-002	2,99869E-001	0,00000E+000	1,40780E+003	12	...........
	170	855	6,81637E-001	1,00017E-001	0,00000E+000	6,81750E-002	2,99869E-001	0,00000E+000	1,40780E+003	12	...........
	171	860	6,81748E-001	1,00017E-001	0,00000E+000	6,81862E-002	2,99869E-001	0,00000E+000	1,40780E+003	12	...........
	172	865	6,81838E-001	1,00016E-001	0,00000E+000	6,81950E-002	2,99869E-001	0,00000E+000	1,40780E+003	12	...........
	173	870	6,81910E-001	1,00017E-001	0,00000E+000	6,82027E-002	2,99869E-001	0,00000E+000	1,40780E+003	12	...........
	174	875	6,81994E-001	1,00017E-001	0,00000E+000	6,82107E-002	2,99869E-001	0,00000E+000	1,40780E+003	12	...........
	175	880	6,82107E-001	1,00017E-001	0,00000E+000	6,82222E-002	2,99869E-001	0,00000E+000	1,40780E+003	12	...........
	176	885	6,82205E-001	1,00017E-001	0,00000E+000	6,82322E-002	2,99869E-001	0,00000E+000	1,40780E+003	12	...........
	177	890	6,82317E-001	1,00016E-001	0,00000E+000	6,82429E-002	2,99869E-001	0,00000E+000	1,40780E+003	12	...........
	178	895	6,82408E-001	1,00017E-001	0,00000E+000	6,82522E-002	2,99869E-001	0,00000E+000	1,40780E+003	12	...........
	179	900	6,82483E-001	1,00017E-001	0,00000E+000	6,82600E-002	2,99869E-001	0,00000E+000	1,40780E+003	12	...........
	180	905	6,82573E-001	1,00017E-001	0,00000E+000	6,82689E-002	2,99869E-001	0,00000E+000	1,40780E+003	12	...........
	181	910	6,82658E-001	1,00017E-001	0,00000E+000	6,82775E-002	2,99869E-001	0,00000E+000	1,40780E+003	12	...........
	182	915	6,82769E-001	1,00017E-001	0,00000E+000	6,82885E-002	2,99869E-001	0,00000E+000	1,40780E+003	12	...........
	183	920	6,82873E-001	1,00017E-001	0,00000E+000	6,82986E-002	2,99869E-001	0,00000E+000	1,40780E+003	12	...........
	184	925	6,82970E-001	1,00017E-001	0,00000E+000	6,83087E-002	2,99869E-001	0,00000E+000	1,40780E+003	12	...........
	185	930	6,83043E-001	1,00016E-001	0,00000E+000	6,83154E-002	2,99869E-001	0,00000E+000	1,40780E+003	12	...........
	186	935	6,83134E-001	1,00017E-001	0,00000E+000	6,83247E-002	2,99869E-001	0,00000E+000	1,40780E+003	12	...........
	187	940	6,83240E-001	1,00016E-001	0,00000E+000	6,83349E-002	2,99869E-001	0,00000E+000	1,40780E+003	12	...........
	188	945	6,83346E-001	1,00016E-001	0,00000E+000	6,83455E-002	2,99869E-001	0,00000E+000	1,40780E+003	12	...........
	189	950	6,83435E-001	1,00016E-001	0,00000E+000	6,83547E-002	2,99869E-001	0,00000E+000	1,40780E+003	12	...........
	190	955	6,83521E-001	1,00017E-001	0,00000E+000	6,83634E-002	2,99869E-001	0,00000E+000	1,40780E+003	12	...........
	191	960	6,83628E-001	1,00016E-001	0,00000E+000	6,83737E-002	2,99869E-001	0,00000E+000	1,40780E+003	12	...........
	192	965	6,83715E-001	1,00016E-001	0,00000E+000	6,83823E-002	2,99869E-001	0,00000E+000	1,40780E+003	12	...........
	193	970	6,83807E-001	1,00017E-001	0,00000E+000	6,83923E-002	2,99869E-001	0,00000E+000	1,40780E+003	12	...........
	194	975	6,83919E-001	1,00016E-001	0,00000E+000	6,84029E-002	2,99869E-001	0,00000E+000	1,40780E+003	12	...........
	195	980	6,84014E-001	1,00016E-001	0,00000E+000	6,84125E-002	2,99869E-001	0,00000E+000	1,40780E+003	12	...........
	196	985	6,84112E-001	1,00017E-001	0,00000E+000	6,84225E-002	2,99869E-001	0,00000E+000	1,40780E+003	12	...........
	197	990	6,84195E-001	1,00016E-001	0,00000E+000	6,84307E-002	2,99869E-001	0,00000E+000	1,40780E+003	12	...........
	198	995	6,84290E-001	1,00016E-001	0,00000E+000	6,84400E-002	2,99869E-001	0,00000E+000	1,40780E+003	12	...........
	199	1000	6,84381E-001	1,00017E-001	0,00000E+000	6,84499E-002	2,99869E-001	0,00000E+000	1,40780E+003	12	...........
	200	1005	6,84505E-001	1,00016E-001	0,00000E+000	6,84615E-002	2,99869E-001	0,00000E+000	1,40780E+003	12	...........
	201	1010	6,84591E-001	1,00016E-001	0,00000E+000	6,84702E-002	2,99869E-001	0,00000E+000	1,40780E+003	12	...........
	202	1015	6,84686E-001	1,00018E-001	0,00000E+000	6,84808E-002	2,99869E-001	0,00000E+000	1,40780E+003	12	...........
	203	1020	6,84780E-001	1,00016E-001	0,00000E+000	6,84889E-002	2,99869E-001	0,00000E+000	1,40780E+003	12	...........
	204	1025	6,84871E-001	1,00017E-001	0,00000E+000	6,84987E-002	2,99869E-001	0,00000E+000	1,40780E+003	12	...........
	205	1030	6,84969E-001	1,00016E-001	0,00000E+000	6,85076E-002	2,99869E-001	0,00000E+000	1,40780E+003	12	...........
	206	1035	6,85083E-001	1,00017E-001	0,00000E+000	6,85202E-002	2,99869E-001	0,00000E+000	1,40780E+003	12	...........
	207	1040	6,85167E-001	1,00017E-001	0,00000E+000	6,85283E-002	2,99869E-001	0,00000E+000	1,40780E+003	12	...........
	208	1045	6,85282E-001	1,00017E-001	0,00000E+000	6,85398E-002	2,99869E-001	0,00000E+000	1,40780E+003	12	...........
	209	1050	6,85373E-001	1,00016E-001	0,00000E+000	6,85480E-002	2,99869E-001	0,00000E+000	1,40782E+003	12	...........
	210	1055	6,85457E-001	1,00017E-001	0,00000E+000	6,85570E-002	2,99869E-001	0,00000E+000	1,40780E+003	12	...........
	211	1060	6,85572E-001	1,00016E-001	0,00000E+000	6,85685E-002	2,99869E-001	0,00000E+000	1,40781E+003	12	...........
	212	1065	6,85671E-001	1,00016E-001	0,00000E+000	6,85781E-002	2,99869E-001	0,00000E+000	1,40780E+003	12	...........
	213	1070	6,85763E-001	1,00017E-001	0,00000E+000	6,85877E-002	2,99869E-001	0,00000E+000	1,40780E+003	12	...........
	214	1075	6,85872E-001	1,00017E-001	0,00000E+000	6,85986E-002	2,99869E-001	0,00000E+000	1,40780E+003	12	...........
	215	1080	6,85946E-001	1,00018E-001	0,00000E+000	6,86068E-002	2,99869E-001	0,00000E+000	1,40780E+003	12	...........
	216	1085	6,86021E-001	1,00017E-001	0,00000E+000	6,86141E-002	2,99869E-001	0,00000E+000	1,40780E+003	12	...........
	217	1090	6,86141E-001	1,00017E-001	0,00000E+000	6,86258E-002	2,99869E-001	0,00000E+000	1,40780E+003	12	...........
	218	1095	6,86246E-001	1,00017E-001	0,00000E+000	6,86362E-002	2,99869E-001	0,00000E+000	1,40780E+003	12	...........
	219	1100	6,86344E-001	1,00017E-001	0,00000E+000	6,86464E-002	2,99869E-001	0,00000E+000	1,40780E+003	12	...........
	220	1105	6,86454E-001	1,00017E-001	0,00000E+000	6,86571E-002	2,99869E-001	0,00000E+000	1,40780E+003	12	...........
	221	1110	6,86535E-001	1,00017E-001	0,00000E+000	6,86654E-002	2,99869E-001	0,00000E+000	1,40780E+003	12	...........
	222	1115	6,86631E-001	1,00017E-001	0,00000E+000	6,86751E-002	2,99869E-001	0,00000E+000	1,40780E+003	12	...........
	223	1120	6,86737E-001	1,00017E-001	0,00000E+000	6,86855E-002	2,99869E-001	0,00000E+000	1,40780E+003	12	...........
	224	1125	6,86837E-001	1,00017E-001	0,00000E+000	6,86950E-002	2,99869E-001	0,00000E+000	1,40780E+003	12	...........
	225	1130	6,86950E-001	1,00017E-001	0,00000E+000	6,87069E-002	2,99869E-001	0,00000E+000	1,40790E+003	12	...........
	226	1135	6,87052E-001	1,00017E-001	0,00000E+000	6,87167E-002	2,99869E-001	0,00000E+000	1,40780E+003	12	...........
	227	1140	6,87397E-001	1,00017E-001	0,00000E+000	6,87517E-002	2,99869E-001	0,00000E+000	1,40785E+003	12	...........
	228	1145	6,87528E-001	1,00017E-001	0,00000E+000	6,87644E-002	2,99869E-001	0,00000E+000	1,40780E+003	12	...........
	229	1150	6,87621E-001	1,00017E-001	0,00000E+000	6,87736E-002	2,99869E-001	0,00000E+000	1,40780E+003	12	...........
	230	1155	6,87716E-001	1,00017E-001	0,00000E+000	6,87836E-002	2,99869E-001	0,00000E+000	1,40782E+003	12	...........
	231	1160	6,87827E-001	1,00017E-001	0,00000E+000	6,87944E-002	2,99869E-001	0,00000E+000	1,40780E+003	12	...........
	232	1165	6,87925E-001	1,00018E-001	0,00000E+000	6,88047E-002	2,99869E-001	0,00000E+000	1,40782E+003	12	...........
	233	1170	6,88016E-001	1,00018E-001	0,00000E+000	6,88141E-002	2,99869E-001	0,00000E+000	1,40780E+003	12	...........
	234	1175	6,88106E-001	1,00017E-001	0,00000E+000	6,88223E-002	2,99869E-001	0,00000E+000	1,40787E+003	12	...........
	235	1180	6,88210E-001	1,00017E-001	0,00000E+000	6,88326E-002	2,99869E-001	0,00000E+000	1,40786E+003	12	...........
	236	1185	6,88308E-001	1,00017E-001	0,00000E+000	6,88424E-002	2,99869E-001	0,00000E+000	1,40780E+003	12	...........
	237	1190	6,88419E-001	1,00017E-001	0,00000E+000	6,88539E-002	2,99869E-001	0,00000E+000	1,40780E+003	12	...........
	238	1195	6,88513E-001	1,00017E-001	0,00000E+000	6,88629E-002	2,99869E-001	0,00000E+000	1,40780E+003	12	...........
	239	1200	6,88615E-001	1,00017E-001	0,00000E+000	6,88732E-002	2,99869E-001	0,00000E+000	1,40794E+003	12	...........
	240	1205	6,88703E-001	1,00017E-001	0,00000E+000	6,88821E-002	2,99869E-001	0,00000E+000	1,40780E+003	12	...........
	241	1210	6,88802E-001	1,00017E-001	0,00000E+000	6,88918E-002	2,99869E-001	0,00000E+000	1,40780E+003	12	...........
	242	1215	6,88905E-001	1,00017E-001	0,00000E+000	6,89021E-002	2,99869E-001	0,00000E+000	1,40782E+003	12	...........
	243	1220	6,89003E-001	1,00017E-001	0,00000E+000	6,89120E-002	2,99869E-001	0,00000E+000	1,40780E+003	12	...........
	244	1225	6,89118E-001	1,00017E-001	0,00000E+000	6,89235E-002	2,99869E-001	0,00000E+000	1,40780E+003	12	...........
	245	1230	6,89211E-001	1,00018E-001	0,00000E+000	6,89333E-002	2,99869E-001	0,00000E+000	1,40780E+003	12	...........
	246	1235	6,89312E-001	1,00017E-001	0,00000E+000	6,89431E-002	2,99869E-001	0,00000E+000	1,40780E+003	12	...........
	247	1240	6,89399E-001	1,00016E-001	0,00000E+000	6,89512E-002	2,99869E-001	0,00000E+000	1,40780E+003	12	...........
	248	1245	6,89515E-001	1,00017E-001	0,00000E+000	6,89635E-002	2,99869E-001	0,00000E+000	1,40780E+003	12	...........
	249	1250	6,89607E-001	1,00017E-001	0,00000E+000	6,89723E-002	2,99869E-001	0,00000E+000	1,40780E+003	12	...........
	250	1255	6,89718E-001	1,00017E-001	0,00000E+000	6,89834E-002	2,99869E-001	0,00000E+000	1,40780E+003	12	...........
	251	1260	6,89816E-001	1,00017E-001	0,00000E+000	6,89934E-002	2,99869E-001	0,00000E+000	1,40780E+003	12	...........
	252	1265	6,89901E-001	1,00017E-001	0,00000E+000	6,90019E-002	2,99869E-001	0,00000E+000	1,40780E+003	12	...........
	253	1270	6,90004E-001	1,00018E-001	0,00000E+000	6,90125E-002	2,99869E-001	0,00000E+000	1,40780E+003	12	...........
	254	1275	6,90118E-001	1,00018E-001	0,00000E+000	6,90239E-002	2,99869E-001	0,00000E+000	1,40780E+003	12	...........
	255	1280	6,90221E-001	1,00017E-001	0,00000E+000	6,90341E-002	2,99869E-001	0,00000E+000	1,40780E+003	12	...........
	256	1285	6,90324E-001	1,00018E-001	0,00000E+000	6,90448E-002	2,99869E-001	0,00000E+000	1,40780E+003	12	...........
	257	1290	6,90436E-001	1,00018E-001	0,00000E+000	6,90558E-002	2,99869E-001	0,00000E+000	1,40780E+003	12	...........
	258	1295	6,90521E-001	1,00017E-001	0,00000E+000	6,90640E-002	2,99869E-001	0,00000E+000	1,40780E+003	12	...........
	259	1300	6,90638E-001	1,00017E-001	0,00000E+000	6,90754E-002	2,99869E-001	0,00000E+000	1,40780E+003	12	...........
	260	1305	6,90744E-001	1,00017E-001	0,00000E+000	6,90862E-002	2,99869E-001	0,00000E+000	1,40780E+003	12	...........
	261	1310	6,90853E-001	1,00017E-001	0,00000E+000	6,90973E-002	2,99869E-001	0,00000E+000	1,40780E+003	12	...........
	262	1315	6,90955E-001	1,00017E-001	0,00000E+000	6,91072E-002	2,99869E-001	0,00000E+000	1,40780E+003	12	...........
	263	1320	6,91052E-001	1,00017E-001	0,00000E+000	6,91168E-002	2,99869E-001	0,00000E+000	1,40780E+003	12	...........
	264	1325	6,91149E-001	1,00017E-001	0,00000E+000	6,91270E-002	2,99869E-001	0,00000E+000	1,40780E+003	12	...........
	265	1330	6,91254E-001	1,00017E-001	0,00000E+000	6,91372E-002	2,99869E-001	0,00000E+000	1,40787E+003	12	...........
	266	1335	6,91370E-001	1,00017E-001	0,00000E+000	6,91489E-002	2,99869E-001	0,00000E+000	1,40780E+003	12	...........
	267	1340	6,91456E-001	1,00017E-001	0,00000E+000	6,91572E-002	2,99869E-001	0,00000E+000	1,40780E+003	12	...........
	268	1345	6,91567E-001	1,00018E-001	0,00000E+000	6,91688E-002	2,99869E-001	0,00000E+000	1,40780E+003	12	...........
	269	1350	6,91676E-001	1,00017E-001	0,00000E+000	6,91796E-002	2,99869E-001	0,00000E+000	1,40780E+003	12	...........
	270	1355	6,91777E-001	1,00017E-001	0,00000E+000	6,91893E-002	2,99869E-001	0,00000E+000	1,40780E+003	12	...........
	271	1360	6,91877E-001	1,00017E-001	0,00000E+000	6,91995E-002	2,99869E-001	0,00000E+000	1,40780E+003	12	...........
	272	1365	6,91999E-001	1,00017E-001	0,00000E+000	6,92117E-002	2,99869E-001	0,00000E+000	1,40780E+003	12	...........
	273	1370	6,92111E-001	1,00017E-001	0,00000E+000	6,92229E-002	2,99869E-001	0,00000E+000	1,40780E+003	12	...........
	274	1375	6,92221E-001	1,00017E-001	0,00000E+000	6,92340E-002	2,99869E-001	0,00000E+000	1,40780E+003	12	...........
	275	1380	6,92320E-001	1,00016E-001	0,00000E+000	6,92433E-002	2,99869E-001	0,00000E+000	1,40780E+003	12	...........
	276	1385	6,92426E-001	1,00017E-001	0,00000E+000	6,92541E-002	2,99869E-001	0,00000E+000	1,40780E+003	12	...........
	277	1390	6,92531E-001	1,00017E-001	0,00000E+000	6,92652E-002	2,99869E-001	0,00000E+000	1,40780E+003	12	...........
	278	1395	6,92645E-001	1,00017E-001	0,00000E+000	6,92761E-002	2,99869E-001	0,00000E+000	1,40782E+003	12	...........
	279	1400	6,92760E-001	1,00017E-001	0,00000E+000	6,92877E-002	2,99869E-001	0,00000E+000	1,40780E+003	12	...........
	280	1405	6,92870E-001	1,00017E-001	0,00000E+000	6,92987E-002	2,99869E-001	0,00000E+000	1,40780E+003	12	...........
	281	1410	6,92972E-001	1,00016E-001	0,00000E+000	6,93085E-002	2,99869E-001	0,00000E+000	1,40780E+003	12	...........
	282	1415	6,93074E-001	1,00017E-001	0,00000E+000	6,93190E-002	2,99869E-001	0,00000E+000	1,40780E+003	12	...........
	283	1420	6,93185E-001	1,00017E-001	0,00000E+000	6,93301E-002	2,99869E-001	0,00000E+000	1,40780E+003	12	...........
	284	1425	6,93289E-001	1,00017E-001	0,00000E+000	6,93409E-002	2,99869E-001	0,00000E+000	1,40780E+003	12	...........
	285	1430	6,93417E-001	1,00017E-001	0,00000E+000	6,93537E-002	2,99869E-001	0,00000E+000	1,40780E+003	12	...........
	286	1435	6,93524E-001	1,00016E-001	0,00000E+000	6,93637E-002	2,99869E-001	0,00000E+000	1,40780E+003	12	...........
	287	1440	6,93627E-001	1,00017E-001	0,00000E+000	6,93743E-002	2,99869E-001	0,00000E+000	1,40780E+003	12	...........
	288	1445	6,93733E-001	1,00017E-001	0,00000E+000	6,93850E-002	2,99869E-001	0,00000E+000	1,40780E+003	12	...........
	289	1450	6,93841E-001	1,00017E-001	0,00000E+000	6,93960E-002	2,99869E-001	0,00000E+000	1,40780E+003	12	...........
	290	1455	6,93963E-001	1,00017E-001	0,00000E+000	6,94081E-002	2,99869E-001	0,00000E+000	1,40780E+003	12	...........
	291	1460	6,94067E-001	1,00018E-001	0,00000E+000	6,94190E-002	2,99869E-001	0,00000E+000	1,40780E+003	12	...........
	292	1465	6,94198E-001	1,00017E-001	0,00000E+000	6,94314E-002	2,99869E-001	0,00000E+000	1,40780E+003	12	...........
	293	1470	6,94297E-001	1,00017E-001	0,00000E+000	6,94413E-002	2,99869E-001	0,00000E+000	1,40780E+003	12	...........
	294	1475	6,94400E-001	1,00017E-001	0,00000E+000	6,94518E-002	2,99869E-001	0,00000E+000	1,40780E+003	12	...........
	295	1480	6,94508E-001	1,00018E-001	0,00000E+000	6,94630E-002	2,99869E-001	0,00000E+000	1,40780E+003	12	...........
	296	1485	6,94637E-001	1,00017E-001	0,00000E+000	6,94752E-002	2,99869E-001	0,00000E+000	1,40780E+003	12	...........
	297	1490	6,94753E-001	1,00017E-001	0,00000E+000	6,94874E-002	2,99869E-001	0,00000E+000	1,40780E+003	12	...........
	298	1495	6,94869E-001	1,00017E-001	0,00000E+000	6,94988E-002	2,99869E-001	0,00000E+000	1,40780E+003	12	...........
	299	1500	6,94988E-001	1,00016E-001	0,00000E+000	6,95103E-002	2,99869E-001	0,00000E+000	1,40780E+003	12	...........
	300	1505	6,95087E-001	1,00016E-001	0,00000E+000	6,95201E-002	2,99869E-001	0,00000E+000	1,40780E+003	12	...........
	301	1510	6,95199E-001	1,00016E-001	0,00000E+000	6,95310E-002	2,99869E-001	0,00000E+000	1,40782E+003	12	...........
	302	1515	6,95316E-001	1,00016E-001	0,00000E+000	6,95425E-002	2,99869E-001	0,00000E+000	1,40782E+003	12	...........
	303	1520	6,95443E-001	1,00017E-001	0,00000E+000	6,95560E-002	2,99869E-001	0,00000E+000	1,40780E+003	12	...........
	304	1525	6,95544E-001	1,00016E-001	0,00000E+000	6,95654E-002	2,99869E-001	0,00000E+000	1,40783E+003	12	...........
	305	1530	6,95669E-001	1,00016E-001	0,00000E+000	6,95778E-002	2,99869E-001	0,00000E+000	1,40790E+003	12	...........
	306	1535	6,95778E-001	1,00016E-001	0,00000E+000	6,95892E-002	2,99869E-001	0,00000E+000	1,40786E+003	12	...........
	307	1540	6,95892E-001	1,00016E-001	0,00000E+000	6,96007E-002	2,99869E-001	0,00000E+000	1,40780E+003	12	...........
	308	1545	6,96016E-001	1,00016E-001	0,00000E+000	6,96128E-002	2,99869E-001	0,00000E+000	1,40780E+003	12	...........
	309	1550	6,96126E-001	1,00017E-001	0,00000E+000	6,96243E-002	2,99869E-001	0,00000E+000	1,40780E+003	12	...........
	310	1555	6,96243E-001	1,00017E-001	0,00000E+000	6,96358E-002	2,99869E-001	0,00000E+000	1,40780E+003	12	...........
	311	1560	6,96355E-001	1,00016E-001	0,00000E+000	6,96468E-002	2,99869E-001	0,00000E+000	1,40780E+003	12	...........
	312	1565	6,96464E-001	1,00016E-001	0,00000E+000	6,96578E-002	2,99869E-001	0,00000E+000	1,40790E+003	12	...........
	313	1570	6,96592E-001	1,00016E-001	0,00000E+000	6,96705E-002	2,99869E-001	0,00000E+000	1,40780E+003	12	...........
	314	1575	6,96735E-001	1,00017E-001	0,00000E+000	6,96851E-002	2,99869E-001	0,00000E+000	1,40782E+003	12	...........
	315	1580	6,96838E-001	1,00016E-001	0,00000E+000	6,96950E-002	2,99869E-001	0,00000E+000	1,40780E+003	12	...........
	316	1585	6,96961E-001	1,00017E-001	0,00000E+000	6,97077E-002	2,99869E-001	0,00000E+000	1,40780E+003	12	...........
	317	1590	6,97069E-001	1,00016E-001	0,00000E+000	6,97184E-002	2,99869E-001	0,00000E+000	1,40780E+003	12	...........
	318	1595	6,97192E-001	1,00017E-001	0,00000E+000	6,97308E-002	2,99869E-001	0,00000E+000	1,40785E+003	12	...........
	319	1600	6,97306E-001	1,00016E-001	0,00000E+000	6,97419E-002	2,99869E-001	0,00000E+000	1,40785E+003	12	...........
	320	1605	6,97437E-001	1,00017E-001	0,00000E+000	6,97552E-002	2,99869E-001	0,00000E+000	1,40780E+003	12	...........
	321	1610	6,97548E-001	1,00017E-001	0,00000E+000	6,97667E-002	2,99869E-001	0,00000E+000	1,40780E+003	12	...........
	322	1615	6,97687E-001	1,00016E-001	0,00000E+000	6,97801E-002	2,99869E-001	0,00000E+000	1,40780E+003	12	...........
	323	1620	6,97809E-001	1,00016E-001	0,00000E+000	6,97923E-002	2,99869E-001	0,00000E+000	1,40780E+003	12	...........
	324	1625	6,97908E-001	1,00017E-001	0,00000E+000	6,98024E-002	2,99869E-001	0,00000E+000	1,40781E+003	12	...........
	325	1630	6,98029E-001	1,00016E-001	0,00000E+000	6,98144E-002	2,99869E-001	0,00000E+000	1,40780E+003	12	...........
	326	1635	6,98170E-001	1,00017E-001	0,00000E+000	6,98289E-002	2,99869E-001	0,00000E+000	1,40780E+003	12	...........
	327	1640	6,98295E-001	1,00016E-001	0,00000E+000	6,98410E-002	2,99869E-001	0,00000E+000	1,40780E+003	12	...........
	328	1645	6,98414E-001	1,00016E-001	0,00000E+000	6,98525E-002	2,99869E-001	0,00000E+000	1,40780E+003	12	...........
	329	1650	6,98530E-001	1,00016E-001	0,00000E+000	6,98645E-002	2,99869E-001	0,00000E+000	1,40785E+003	12	...........
	330	1655	6,98648E-001	1,00016E-001	0,00000E+000	6,98760E-002	2,99869E-001	0,00000E+000	1,40780E+003	12	...........
	331	1660	6,98783E-001	1,00016E-001	0,00000E+000	6,98898E-002	2,99869E-001	0,00000E+000	1,40780E+003	12	...........
	332	1665	6,98906E-001	1,00017E-001	0,00000E+000	6,99022E-002	2,99869E-001	0,00000E+000	1,40780E+003	12	...........
	333	1670	6,99025E-001	1,00018E-001	0,00000E+000	6,99148E-002	2,99869E-001	0,00000E+000	1,40780E+003	12	...........
	334	1675	6,99165E-001	1,00016E-001	0,00000E+000	6,99277E-002	2,99869E-001	0,00000E+000	1,40781E+003	12	...........
	335	1680	6,99280E-001	1,00017E-001	0,00000E+000	6,99398E-002	2,99869E-001	0,00000E+000	1,40781E+003	12	...........
	336	1685	6,99412E-001	1,00018E-001	0,00000E+000	6,99536E-002	2,99869E-001	0,00000E+000	1,40780E+003	12	...........
	337	1690	6,99531E-001	1,00016E-001	0,00000E+000	6,99646E-002	2,99869E-001	0,00000E+000	1,40780E+003	12	...........
	338	1695	6,99660E-001	1,00017E-001	0,00000E+000	6,99779E-002	2,99869E-001	0,00000E+000	1,40780E+003	12	...........
	339	1700	6,99801E-001	1,00016E-001	0,00000E+000	6,99916E-002	2,99869E-001	0,00000E+000	1,40782E+003	12	...........
	340	1705	6,99917E-001	1,00017E-001	0,00000E+000	7,00035E-002	2,99869E-001	0,00000E+000	1,40780E+003	12	...........
	341	1710	7,00038E-001	1,00017E-001	0,00000E+000	7,00156E-002	2,99869E-001	0,00000E+000	1,40785E+003	12	...........
	342	1715	7,00150E-001	1,00016E-001	0,00000E+000	7,00264E-002	2,99869E-001	0,00000E+000	1,40782E+003	12	...........
	343	1720	7,00285E-001	1,00017E-001	0,00000E+000	7,00403E-002	2,99869E-001	0,00000E+000	1,40787E+003	12	...........
	344	1725	7,00420E-001	1,00016E-001	0,00000E+000	7,00535E-002	2,99869E-001	0,00000E+000	1,40786E+003	12	...........
	345	1730	7,00559E-001	1,00015E-001	0,00000E+000	7,00667E-002	2,99869E-001	0,00000E+000	1,40780E+003	12	...........
	346	1735	7,00681E-001	1,00017E-001	0,00000E+000	7,00797E-002	2,99869E-001	0,00000E+000	1,40780E+003	12	...........
	347	1740	7,00797E-001	1,00016E-001	0,00000E+000	7,00907E-002	2,99869E-001	0,00000E+000	1,40780E+003	12	...........
	348	1745	7,00923E-001	1,00016E-001	0,00000E+000	7,01036E-002	2,99869E-001	0,00000E+000	1,40781E+003	12	...........
	349	1750	7,01069E-001	1,00017E-001	0,00000E+000	7,01187E-002	2,99869E-001	0,00000E+000	1,40787E+003	12	...........
	350	1755	7,01203E-001	1,00017E-001	0,00000E+000	7,01319E-002	2,99869E-001	0,00000E+000	1,40785E+003	12	...........
	351	1760	7,01330E-001	1,00017E-001	0,00000E+000	7,01450E-002	2,99869E-001	0,00000E+000	1,40782E+003	12	...........
	352	1765	7,01450E-001	1,00017E-001	0,00000E+000	7,01567E-002	2,99869E-001	0,00000E+000	1,40780E+003	12	...........
	353	1770	7,01595E-001	1,00017E-001	0,00000E+000	7,01713E-002	2,99869E-001	0,00000E+000	1,40781E+003	12	...........
	354	1775	7,01717E-001	1,00016E-001	0,00000E+000	7,01830E-002	2,99869E-001	0,00000E+000	1,40783E+003	12	...........
	355	1780	7,01855E-001	1,00017E-001	0,00000E+000	7,01975E-002	2,99869E-001	0,00000E+000	1,40785E+003	12	...........
	356	1785	7,01995E-001	1,00016E-001	0,00000E+000	7,02108E-002	2,99869E-001	0,00000E+000	1,40785E+003	12	...........
	357	1790	7,02119E-001	1,00016E-001	0,00000E+000	7,02228E-002	2,99869E-001	0,00000E+000	1,40781E+003	12	...........
	358	1795	7,02255E-001	1,00018E-001	0,00000E+000	7,02380E-002	2,99869E-001	0,00000E+000	1,40780E+003	12	...........
	359	1800	7,02380E-001	1,00016E-001	0,00000E+000	7,02494E-002	2,99869E-001	0,00000E+000	1,40787E+003	12	...........
	360	1805	7,02524E-001	1,00017E-001	0,00000E+000	7,02640E-002	2,99869E-001	0,00000E+000	1,40786E+003	12	...........
	361	1810	7,02643E-001	1,00017E-001	0,00000E+000	7,02763E-002	2,99869E-001	0,00000E+000	1,40780E+003	12	...........
	362	1815	7,02804E-001	1,00017E-001	0,00000E+000	7,02925E-002	2,99869E-001	0,00000E+000	1,40785E+003	12	...........
	363	1820	7,02940E-001	1,00016E-001	0,00000E+000	7,03054E-002	2,99869E-001	0,00000E+000	1,40791E+003	12	...........
	364	1825	7,03063E-001	1,00016E-001	0,00000E+000	7,03179E-002	2,99869E-001	0,00000E+000	1,40787E+003	12	...........
	365	1830	7,03221E-001	1,00017E-001	0,00000E+000	7,03338E-002	2,99869E-001	0,00000E+000	1,40789E+003	12	...........
	366	1835	7,03348E-001	1,00016E-001	0,00000E+000	7,03463E-002	2,99869E-001	0,00000E+000	1,40786E+003	12	...........
	367	1840	7,03495E-001	1,00017E-001	0,00000E+000	7,03614E-002	2,99869E-001	0,00000E+000	1,40785E+003	12	...........
	368	1845	7,03623E-001	1,00016E-001	0,00000E+000	7,03736E-002	2,99869E-001	0,00000E+000	1,40791E+003	12	...........
	369	1850	7,03773E-001	1,00017E-001	0,00000E+000	7,03890E-002	2,99869E-001	0,00000E+000	1,40790E+003	12	...........
	370	1855	7,03910E-001	1,00016E-001	0,00000E+000	7,04025E-002	2,99869E-001	0,00000E+000	1,40787E+003	12	...........
	371	1860	7,04057E-001	1,00016E-001	0,00000E+000	7,04173E-002	2,99869E-001	0,00000E+000	1,40789E+003	12	...........
	372	1865	7,04189E-001	1,00016E-001	0,00000E+000	7,04299E-002	2,99869E-001	0,00000E+000	1,40784E+003	12	...........
	373	1870	7,04316E-001	1,00017E-001	0,00000E+000	7,04434E-002	2,99869E-001	0,00000E+000	1,40790E+003	12	...........
	374	1875	7,04468E-001	1,00016E-001	0,00000E+000	7,04580E-002	2,99869E-001	0,00000E+000	1,40783E+003	12	...........
	375	1880	7,04611E-001	1,00016E-001	0,00000E+000	7,04727E-002	2,99869E-001	0,00000E+000	1,40785E+003	12	...........
	376	1885	7,04753E-001	1,00016E-001	0,00000E+000	7,04868E-002	2,99869E-001	0,00000E+000	1,40786E+003	12	...........
	377	1890	7,04891E-001	1,00017E-001	0,00000E+000	7,05012E-002	2,99869E-001	0,00000E+000	1,40783E+003	12	...........
	378	1895	7,05027E-001	1,00017E-001	0,00000E+000	7,05146E-002	2,99869E-001	0,00000E+000	1,40780E+003	12	...........
	379	1900	7,05163E-001	1,00017E-001	0,00000E+000	7,05282E-002	2,99869E-001	0,00000E+000	1,40781E+003	12	...........
	380	1905	7,05330E-001	1,00017E-001	0,00000E+000	7,05450E-002	2,99869E-001	0,00000E+000	1,40784E+003	12	...........
	381	1910	7,05472E-001	1,00016E-001	0,00000E+000	7,05586E-002	2,99869E-001	0,00000E+000	1,40782E+003	12	...........
	382	1915	7,05621E-001	1,00015E-001	0,00000E+000	7,05730E-002	2,99869E-001	0,00000E+000	1,40785E+003	12	...........
	383	1920	7,05758E-001	1,00016E-001	0,00000E+000	7,05871E-002	2,99869E-001	0,00000E+000	1,40790E+003	12	...........
	384	1925	7,05894E-001	1,00016E-001	0,00000E+000	7,06008E-002	2,99869E-001	0,00000E+000	1,40782E+003	12	...........
	385	1930	7,06045E-001	1,00017E-001	0,00000E+000	7,06163E-002	2,99869E-001	0,00000E+000	1,40781E+003	12	...........
	386	1935	7,06187E-001	1,00017E-001	0,00000E+000	7,06305E-002	2,99869E-001	0,00000E+000	1,40780E+003	12	...........
	387	1940	7,06323E-001	1,00016E-001	0,00000E+000	7,06436E-002	2,99869E-001	0,00000E+000	1,40780E+003	12	...........
	388	1945	7,06486E-001	1,00016E-001	0,00000E+000	7,06597E-002	2,99869E-001	0,00000E+000	1,40780E+003	12	...........
	389	1950	7,06656E-001	1,00017E-001	0,00000E+000	7,06774E-002	2,99869E-001	0,00000E+000	1,40782E+003	12	...........
	390	1955	7,06780E-001	1,00017E-001	0,00000E+000	7,06901E-002	2,99869E-001	0,00000E+000	1,40788E+003	12	...........
	391	1960	7,06926E-001	1,00016E-001	0,00000E+000	7,07038E-002	2,99869E-001	0,00000E+000	1,40788E+003	12	...........
	392	1965	7,07080E-001	1,00017E-001	0,00000E+000	7,07198E-002	2,99869E-001	0,00000E+000	1,40794E+003	12	...........
	393	1970	7,07246E-001	1,00017E-001	0,00000E+000	7,07368E-002	2,99869E-001	0,00000E+000	1,40793E+003	12	...........
	394	1975	7,07390E-001	1,00016E-001	0,00000E+000	7,07504E-002	2,99869E-001	0,00000E+000	1,40788E+003	12	...........
	395	1980	7,07532E-001	1,00017E-001	0,00000E+000	7,07649E-002	2,99869E-001	0,00000E+000	1,40780E+003	12	...........
	396	1985	7,07669E-001	1,00016E-001	0,00000E+000	7,07784E-002	2,99869E-001	0,00000E+000	1,40782E+003	12	...........
	397	1990	7,07861E-001	1,00016E-001	0,00000E+000	7,07977E-002	2,99869E-001	0,00000E+000	1,40780E+003	12	...........
	398	1995	7,08362E-001	1,00017E-001	0,00000E+000	7,08482E-002	2,99869E-001	0,00000E+000	1,40780E+003	12	...........
	399	2000	7,08509E-001	1,00016E-001	0,00000E+000	7,08621E-002	2,99869E-001	0,00000E+000	1,40790E+003	12	...........
	400	2005	7,08667E-001	1,00016E-001	0,00000E+000	7,08783E-002	2,99869E-001	0,00000E+000	1,40788E+003	12	...........
	401	2010	7,08806E-001	1,00016E-001	0,00000E+000	7,08922E-002	2,99869E-001	0,00000E+000	1,40780E+003	12	...........
	402	2015	7,08965E-001	1,00017E-001	0,00000E+000	7,09086E-002	2,99869E-001	0,00000E+000	1,40785E+003	12	...........
	403	2020	7,09099E-001	1,00017E-001	0,00000E+000	7,09221E-002	2,99869E-001	0,00000E+000	1,40780E+003	12	...........
	404	2025	7,09265E-001	1,00017E-001	0,00000E+000	7,09388E-002	2,99869E-001	0,00000E+000	1,40780E+003	12	...........
	405	2030	7,09419E-001	1,00017E-001	0,00000E+000	7,09538E-002	2,99869E-001	0,00000E+000	1,40782E+003	12	...........
	406	2035	7,09579E-001	1,00016E-001	0,00000E+000	7,09691E-002	2,99869E-001	0,00000E+000	1,40780E+003	12	...........
	407	2040	7,09725E-001	1,00017E-001	0,00000E+000	7,09843E-002	2,99869E-001	0,00000E+000	1,40780E+003	12	...........
	408	2045	7,09892E-001	1,00017E-001	0,00000E+000	7,10009E-002	2,99869E-001	0,00000E+000	1,40780E+003	12	...........
	409	2050	7,10021E-001	1,00016E-001	0,00000E+000	7,10135E-002	2,99869E-001	0,00000E+000	1,40780E+003	12	...........
	410	2055	7,10186E-001	1,00017E-001	0,00000E+000	7,10304E-002	2,99869E-001	0,00000E+000	1,40790E+003	12	...........
	411	2060	7,10372E-001	1,00016E-001	0,00000E+000	7,10489E-002	2,99869E-001	0,00000E+000	1,40783E+003	12	...........
	412	2065	7,10526E-001	1,00016E-001	0,00000E+000	7,10641E-002	2,99869E-001	0,00000E+000	1,40780E+003	12	...........
	413	2070	7,10709E-001	1,00017E-001	0,00000E+000	7,10828E-002	2,99869E-001	0,00000E+000	1,40780E+003	12	...........
	414	2075	7,10844E-001	1,00016E-001	0,00000E+000	7,10960E-002	2,99869E-001	0,00000E+000	1,40780E+003	12	...........
	415	2080	7,10996E-001	1,00016E-001	0,00000E+000	7,11112E-002	2,99869E-001	0,00000E+000	1,40781E+003	12	...........
	416	2085	7,11168E-001	1,00016E-001	0,00000E+000	7,11283E-002	2,99869E-001	0,00000E+000	1,40782E+003	12	...........
	417	2090	7,11330E-001	1,00017E-001	0,00000E+000	7,11449E-002	2,99869E-001	0,00000E+000	1,40787E+003	12	...........
	418	2095	7,11493E-001	1,00016E-001	0,00000E+000	7,11607E-002	2,99869E-001	0,00000E+000	1,40781E+003	12	...........
	419	2100	7,11662E-001	1,00017E-001	0,00000E+000	7,11779E-002	2,99869E-001	0,00000E+000	1,40781E+003	12	...........
	420	2105	7,11814E-001	1,00016E-001	0,00000E+000	7,11929E-002	2,99869E-001	0,00000E+000	1,40794E+003	12	...........
	421	2110	7,11973E-001	1,00017E-001	0,00000E+000	7,12091E-002	2,99869E-001	0,00000E+000	1,40782E+003	12	...........
	422	2115	7,12154E-001	1,00016E-001	0,00000E+000	7,12267E-002	2,99869E-001	0,00000E+000	1,40783E+003	12	...........
	423	2120	7,12327E-001	1,00017E-001	0,00000E+000	7,12448E-002	2,99869E-001	0,00000E+000	1,40793E+003	12	...........
	424	2125	7,12504E-001	1,00016E-001	0,00000E+000	7,12621E-002	2,99869E-001	0,00000E+000	1,40793E+003	12	...........
	425	2130	7,12650E-001	1,00017E-001	0,00000E+000	7,12768E-002	2,99869E-001	0,00000E+000	1,40791E+003	12	...........
	426	2135	7,12823E-001	1,00016E-001	0,00000E+000	7,12939E-002	2,99869E-001	0,00000E+000	1,40780E+003	12	...........
	427	2140	7,13002E-001	1,00017E-001	0,00000E+000	7,13124E-002	2,99869E-001	0,00000E+000	1,40782E+003	12	...........
	428	2145	7,13182E-001	1,00017E-001	0,00000E+000	7,13300E-002	2,99869E-001	0,00000E+000	1,40790E+003	12	...........
	429	2150	7,13349E-001	1,00017E-001	0,00000E+000	7,13471E-002	2,99869E-001	0,00000E+000	1,40787E+003	12	...........
	430	2155	7,13529E-001	1,00016E-001	0,00000E+000	7,13646E-002	2,99869E-001	0,00000E+000	1,40783E+003	12	...........
	431	2160	7,13699E-001	1,00017E-001	0,00000E+000	7,13819E-002	2,99869E-001	0,00000E+000	1,40787E+003	12	...........
	432	2165	7,13863E-001	1,00017E-001	0,00000E+000	7,13984E-002	2,99869E-001	0,00000E+000	1,40792E+003	12	...........
	433	2170	7,14067E-001	1,00017E-001	0,00000E+000	7,14187E-002	2,99869E-001	0,00000E+000	1,40782E+003	12	...........
	434	2175	7,14222E-001	1,00017E-001	0,00000E+000	7,14342E-002	2,99869E-001	0,00000E+000	1,40787E+003	12	...........
	435	2180	7,14416E-001	1,00016E-001	0,00000E+000	7,14533E-002	2,99869E-001	0,00000E+000	1,40785E+003	12	...........
	436	2185	7,14589E-001	1,00017E-001	0,00000E+000	7,14708E-002	2,99869E-001	0,00000E+000	1,40783E+003	12	...........
	437	2190	7,14782E-001	1,00017E-001	0,00000E+000	7,14905E-002	2,99869E-001	0,00000E+000	1,40782E+003	12	...........
	438	2195	7,14952E-001	1,00017E-001	0,00000E+000	7,15071E-002	2,99869E-001	0,00000E+000	1,40780E+003	12	...........
	439	2200	7,15128E-001	1,00016E-001	0,00000E+000	7,15245E-002	2,99869E-001	0,00000E+000	1,40781E+003	12	...........
	440	2205	7,15317E-001	1,00017E-001	0,00000E+000	7,15437E-002	2,99869E-001	0,00000E+000	1,40780E+003	12	...........
	441	2210	7,15501E-001	1,00017E-001	0,00000E+000	7,15620E-002	2,99869E-001	0,00000E+000	1,40780E+003	12	...........
	442	2215	7,15686E-001	1,00016E-001	0,00000E+000	7,15801E-002	2,99869E-001	0,00000E+000	1,40785E+003	12	...........
	443	2220	7,15868E-001	1,00017E-001	0,00000E+000	7,15989E-002	2,99869E-001	0,00000E+000	1,40785E+003	12	...........
	444	2225	7,16056E-001	1,00017E-001	0,00000E+000	7,16174E-002	2,99869E-001	0,00000E+000	1,40780E+003	12	...........
	445	2230	7,16214E-001	1,00017E-001	0,00000E+000	7,16336E-002	2,99869E-001	0,00000E+000	1,40780E+003	12	...........
	446	2235	7,16454E-001	1,00017E-001	0,00000E+000	7,16579E-002	2,99869E-001	0,00000E+000	1,40780E+003	12	...........
	447	2240	7,16620E-001	1,00016E-001	0,00000E+000	7,16735E-002	2,99869E-001	0,00000E+000	1,40785E+003	12	...........
	448	2245	7,16814E-001	1,00017E-001	0,00000E+000	7,16937E-002	2,99869E-001	0,00000E+000	1,40782E+003	12	...........
	449	2250	7,17009E-001	1,00017E-001	0,00000E+000	7,17131E-002	2,99869E-001	0,00000E+000	1,40783E+003	12	...........
	450	2255	7,17217E-001	1,00017E-001	0,00000E+000	7,17340E-002	2,99869E-001	0,00000E+000	1,40782E+003	12	...........
	451	2260	7,17411E-001	1,00017E-001	0,00000E+000	7,17532E-002	2,99869E-001	0,00000E+000	1,40785E+003	12	...........
	452	2265	7,17601E-001	1,00017E-001	0,00000E+000	7,17723E-002	2,99869E-001	0,00000E+000	1,40782E+003	12	...........
	453	2270	7,17784E-001	1,00016E-001	0,00000E+000	7,17900E-002	2,99869E-001	0,00000E+000	1,40784E+003	12	...........
	454	2275	7,17998E-001	1,00017E-001	0,00000E+000	7,18120E-002	2,99869E-001	0,00000E+000	1,40788E+003	12	...........
	455	2280	7,18206E-001	1,00016E-001	0,00000E+000	7,18323E-002	2,99869E-001	0,00000E+000	1,40780E+003	12	...........
	456	2285	7,18358E-001	1,00017E-001	0,00000E+000	7,18482E-002	2,99869E-001	0,00000E+000	1,40785E+003	12	...........
	457	2290	7,18576E-001	1,00017E-001	0,00000E+000	7,18697E-002	2,99869E-001	0,00000E+000	1,40780E+003	12	...........
	458	2295	7,18779E-001	1,00017E-001	0,00000E+000	7,18899E-002	2,99869E-001	0,00000E+000	1,40787E+003	12	...........
	459	2300	7,18989E-001	1,00017E-001	0,00000E+000	7,19111E-002	2,99869E-001	0,00000E+000	1,40785E+003	12	...........
	460	2305	7,19185E-001	1,00017E-001	0,00000E+000	7,19306E-002	2,99869E-001	0,00000E+000	1,40780E+003	12	...........
	461	2310	7,19404E-001	1,00017E-001	0,00000E+000	7,19525E-002	2,99869E-001	0,00000E+000	1,40790E+003	12	...........
	462	2315	7,19598E-001	1,00017E-001	0,00000E+000	7,19720E-002	2,99869E-001	0,00000E+000	1,40790E+003	12	...........
	463	2320	7,19794E-001	1,00016E-001	0,00000E+000	7,19910E-002	2,99869E-001	0,00000E+000	1,40786E+003	12	...........
	464	2325	7,20026E-001	1,00017E-001	0,00000E+000	7,20149E-002	2,99869E-001	0,00000E+000	1,40785E+003	12	...........
	465	2330	7,20235E-001	1,00017E-001	0,00000E+000	7,20356E-002	2,99869E-001	0,00000E+000	1,40786E+003	12	...........
	466	2335	7,20454E-001	1,00018E-001	0,00000E+000	7,20582E-002	2,99869E-001	0,00000E+000	1,40790E+003	12	...........
	467	2340	7,20664E-001	1,00017E-001	0,00000E+000	7,20784E-002	2,99869E-001	0,00000E+000	1,40787E+003	12	...........
	468	2345	7,20879E-001	1,00017E-001	0,00000E+000	7,21001E-002	2,99869E-001	0,00000E+000	1,40785E+003	12	...........
	469	2350	7,21062E-001	1,00017E-001	0,00000E+000	7,21187E-002	2,99869E-001	0,00000E+000	1,40780E+003	12	...........
	470	2355	7,21298E-001	1,00017E-001	0,00000E+000	7,21422E-002	2,99869E-001	0,00000E+000	1,40780E+003	12	...........
	471	2360	7,21528E-001	1,00017E-001	0,00000E+000	7,21649E-002	2,99869E-001	0,00000E+000	1,40780E+003	12	...........
	472	2365	7,21762E-001	1,00017E-001	0,00000E+000	7,21882E-002	2,99869E-001	0,00000E+000	1,40785E+003	12	...........
	473	2370	7,21982E-001	1,00016E-001	0,00000E+000	7,22099E-002	2,99869E-001	0,00000E+000	1,40781E+003	12	...........
	474	2375	7,22179E-001	1,00017E-001	0,00000E+000	7,22303E-002	2,99869E-001	0,00000E+000	1,40785E+003	12	...........
	475	2380	7,22390E-001	1,00017E-001	0,00000E+000	7,22509E-002	2,99869E-001	0,00000E+000	1,40790E+003	12	...........
	476	2385	7,22625E-001	1,00018E-001	0,00000E+000	7,22753E-002	2,99869E-001	0,00000E+000	1,40780E+003	12	...........
	477	2390	7,22887E-001	1,00017E-001	0,00000E+000	7,23009E-002	2,99869E-001	0,00000E+000	1,40788E+003	12	...........
	478	2395	7,23086E-001	1,00017E-001	0,00000E+000	7,23212E-002	2,99869E-001	0,00000E+000	1,40780E+003	12	...........
	479	2400	7,23354E-001	1,00017E-001	0,00000E+000	7,23479E-002	2,99869E-001	0,00000E+000	1,40780E+003	12	...........
	480	2405	7,23557E-001	1,00017E-001	0,00000E+000	7,23682E-002	2,99869E-001	0,00000E+000	1,40782E+003	12	...........
	481	2410	7,23782E-001	1,00017E-001	0,00000E+000	7,23907E-002	2,99869E-001	0,00000E+000	1,40780E+003	12	...........
	482	2415	7,24023E-001	1,00017E-001	0,00000E+000	7,24145E-002	2,99869E-001	0,00000E+000	1,40780E+003	12	...........
	483	2420	7,24259E-001	1,00017E-001	0,00000E+000	7,24380E-002	2,99869E-001	0,00000E+000	1,40782E+003	12	...........
	484	2425	7,24517E-001	1,00017E-001	0,00000E+000	7,24643E-002	2,99869E-001	0,00000E+000	1,40787E+003	12	...........
	485	2430	7,24753E-001	1,00017E-001	0,00000E+000	7,24878E-002	2,99869E-001	0,00000E+000	1,40787E+003	12	...........
	486	2435	7,24991E-001	1,00017E-001	0,00000E+000	7,25113E-002	2,99869E-001	0,00000E+000	1,40788E+003	12	...........
	487	2440	7,25236E-001	1,00017E-001	0,00000E+000	7,25362E-002	2,99869E-001	0,00000E+000	1,40789E+003	12	...........
	488	2445	7,25484E-001	1,00016E-001	0,00000E+000	7,25603E-002	2,99869E-001	0,00000E+000	1,40785E+003	12	...........
	489	2450	7,25697E-001	1,00017E-001	0,00000E+000	7,25818E-002	2,99869E-001	0,00000E+000	1,40790E+003	12	...........
	490	2455	7,25993E-001	1,00017E-001	0,00000E+000	7,26113E-002	2,99869E-001	0,00000E+000	1,40781E+003	12	...........
	491	2460	7,26216E-001	1,00017E-001	0,00000E+000	7,26338E-002	2,99869E-001	0,00000E+000	1,40793E+003	12	...........
	492	2465	7,26462E-001	1,00016E-001	0,00000E+000	7,26582E-002	2,99869E-001	0,00000E+000	1,40793E+003	12	...........
	493	2470	7,26714E-001	1,00017E-001	0,00000E+000	7,26837E-002	2,99869E-001	0,00000E+000	1,40783E+003	12	...........
	494	2475	7,26967E-001	1,00016E-001	0,00000E+000	7,27085E-002	2,99869E-001	0,00000E+000	1,40794E+003	12	...........
	495	2480	7,27207E-001	1,00017E-001	0,00000E+000	7,27331E-002	2,99869E-001	0,00000E+000	1,40788E+003	12	...........
	496	2485	7,27503E-001	1,00017E-001	0,00000E+000	7,27625E-002	2,99869E-001	0,00000E+000	1,40783E+003	12	...........
	497	2490	7,27768E-001	1,00017E-001	0,00000E+000	7,27890E-002	2,99869E-001	0,00000E+000	1,40792E+003	12	...........
	498	2495	7,28000E-001	1,00016E-001	0,00000E+000	7,28117E-002	2,99869E-001	0,00000E+000	1,40780E+003	12	...........
	499	2500	7,28293E-001	1,00017E-001	0,00000E+000	7,28417E-002	2,99869E-001	0,00000E+000	1,40790E+003	12	...........
	500	2505	7,28562E-001	1,00017E-001	0,00000E+000	7,28683E-002	2,99869E-001	0,00000E+000	1,40793E+003	12	...........
	501	2510	7,28850E-001	1,00017E-001	0,00000E+000	7,28977E-002	2,99869E-001	0,00000E+000	1,40788E+003	12	...........
	502	2515	7,29113E-001	1,00016E-001	0,00000E+000	7,29229E-002	2,99869E-001	0,00000E+000	1,40793E+003	12	...........
	503	2520	7,29370E-001	1,00016E-001	0,00000E+000	7,29490E-002	2,99869E-001	0,00000E+000	1,40788E+003	12	...........
	504	2525	7,29645E-001	1,00017E-001	0,00000E+000	7,29766E-002	2,99869E-001	0,00000E+000	1,40788E+003	12	...........
	505	2530	7,29935E-001	1,00016E-001	0,00000E+000	7,30054E-002	2,99869E-001	0,00000E+000	1,40790E+003	12	...........
	506	2535	7,30224E-001	1,00016E-001	0,00000E+000	7,30343E-002	2,99869E-001	0,00000E+000	1,40794E+003	12	...........
	507	2540	7,30529E-001	1,00016E-001	0,00000E+000	7,30648E-002	2,99869E-001	0,00000E+000	1,40788E+003	12	...........
	508	2545	7,30843E-001	1,00017E-001	0,00000E+000	7,30965E-002	2,99869E-001	0,00000E+000	1,40795E+003	12	...........
	509	2550	7,31078E-001	1,00017E-001	0,00000E+000	7,31200E-002	2,99869E-001	0,00000E+000	1,40790E+003	12	...........
	510	2555	7,31421E-001	1,00017E-001	0,00000E+000	7,31542E-002	2,99869E-001	0,00000E+000	1,40785E+003	12	...........
	511	2560	7,31681E-001	1,00017E-001	0,00000E+000	7,31805E-002	2,99869E-001	0,00000E+000	1,40790E+003	12	...........
	512	2565	7,31992E-001	1,00016E-001	0,00000E+000	7,32111E-002	2,99869E-001	0,00000E+000	1,40793E+003	12	...........
	513	2570	7,32274E-001	1,00016E-001	0,00000E+000	7,32394E-002	2,99869E-001	0,00000E+000	1,40788E+003	12	...........
	514	2575	7,32601E-001	1,00016E-001	0,00000E+000	7,32716E-002	2,99869E-001	0,00000E+000	1,40790E+003	12	...........
	515	2580	7,32885E-001	1,00017E-001	0,00000E+000	7,33008E-002	2,99869E-001	0,00000E+000	1,40795E+003	12	...........
	516	2585	7,33212E-001	1,00016E-001	0,00000E+000	7,33331E-002	2,99869E-001	0,00000E+000	1,40790E+003	12	...........
	517	2590	7,33530E-001	1,00016E-001	0,00000E+000	7,33646E-002	2,99869E-001	0,00000E+000	1,40790E+003	12	...........
	518	2595	7,33820E-001	1,00016E-001	0,00000E+000	7,33940E-002	2,99869E-001	0,00000E+000	1,40793E+003	12	...........
	519	2600	7,34177E-001	1,00017E-001	0,00000E+000	7,34304E-002	2,99869E-001	0,00000E+000	1,40795E+003	12	...........
	520	2605	7,34480E-001	1,00016E-001	0,00000E+000	7,34597E-002	2,99869E-001	0,00000E+000	1,40794E+003	12	...........
	521	2610	7,34835E-001	1,00017E-001	0,00000E+000	7,34956E-002	2,99869E-001	0,00000E+000	1,40781E+003	12	...........
	522	2615	7,35140E-001	1,00017E-001	0,00000E+000	7,35268E-002	2,99869E-001	0,00000E+000	1,40782E+003	12	...........
	523	2620	7,35500E-001	1,00017E-001	0,00000E+000	7,35622E-002	2,99869E-001	0,00000E+000	1,40794E+003	12	...........
	524	2625	7,35822E-001	1,00017E-001	0,00000E+000	7,35946E-002	2,99869E-001	0,00000E+000	1,40787E+003	12	...........
	525	2630	7,36173E-001	1,00017E-001	0,00000E+000	7,36298E-002	2,99869E-001	0,00000E+000	1,40793E+003	12	...........
	526	2635	7,36504E-001	1,00017E-001	0,00000E+000	7,36629E-002	2,99869E-001	0,00000E+000	1,40795E+003	12	...........
	527	2640	7,36888E-001	1,00017E-001	0,00000E+000	7,37016E-002	2,99869E-001	0,00000E+000	1,40795E+003	12	...........
	528	2645	7,37196E-001	1,00017E-001	0,00000E+000	7,37323E-002	2,99869E-001	0,00000E+000	1,40795E+003	12	...........
	529	2650	7,37528E-001	1,00016E-001	0,00000E+000	7,37648E-002	2,99869E-001	0,00000E+000	1,40795E+003	12	...........
	530	2655	7,37927E-001	1,00017E-001	0,00000E+000	7,38051E-002	2,99869E-001	0,00000E+000	1,40788E+003	12	...........
	531	2660	7,38288E-001	1,00016E-001	0,00000E+000	7,38407E-002	2,99869E-001	0,00000E+000	1,40795E+003	12	...........
	532	2665	7,38672E-001	1,00017E-001	0,00000E+000	7,38799E-002	2,99869E-001	0,00000E+000	1,40794E+003	12	...........
	533	2670	7,39062E-001	1,00017E-001	0,00000E+000	7,39189E-002	2,99869E-001	0,00000E+000	1,40795E+003	12	...........
	534	2675	7,39450E-001	1,00017E-001	0,00000E+000	7,39575E-002	2,99869E-001	0,00000E+000	1,40783E+003	12	...........
	535	2680	7,39766E-001	1,00016E-001	0,00000E+000	7,39887E-002	2,99869E-001	0,00000E+000	1,40792E+003	12	...........
	536	2685	7,40192E-001	1,00017E-001	0,00000E+000	7,40320E-002	2,99869E-001	0,00000E+000	1,40795E+003	12	...........
	537	2690	7,40583E-001	1,00017E-001	0,00000E+000	7,40707E-002	2,99869E-001	0,00000E+000	1,40790E+003	12	...........
	538	2695	7,41020E-001	1,00017E-001	0,00000E+000	7,41144E-002	2,99869E-001	0,00000E+000	1,40793E+003	12	...........
	539	2700	7,41432E-001	1,00016E-001	0,00000E+000	7,41553E-002	2,99869E-001	0,00000E+000	1,40795E+003	12	...........
	540	2705	7,41821E-001	1,00016E-001	0,00000E+000	7,41943E-002	2,99869E-001	0,00000E+000	1,40795E+003	12	...........
	541	2710	7,42253E-001	1,00016E-001	0,00000E+000	7,42373E-002	2,99869E-001	0,00000E+000	1,40795E+003	12	...........
	542	2715	7,42651E-001	1,00017E-001	0,00000E+000	7,42776E-002	2,99869E-001	0,00000E+000	1,40793E+003	12	...........
	543	2720	7,43063E-001	1,00017E-001	0,00000E+000	7,43186E-002	2,99869E-001	0,00000E+000	1,40795E+003	12	...........
	544	2725	7,43470E-001	1,00016E-001	0,00000E+000	7,43591E-002	2,99869E-001	0,00000E+000	1,40795E+003	12	...........
	545	2730	7,43998E-001	1,00017E-001	0,00000E+000	7,44123E-002	2,99869E-001	0,00000E+000	1,40795E+003	12	...........
	546	2735	7,44355E-001	1,00015E-001	0,00000E+000	7,44470E-002	2,99869E-001	0,00000E+000	1,40793E+003	12	...........
	547	2740	7,44872E-001	1,00016E-001	0,00000E+000	7,44992E-002	2,99869E-001	0,00000E+000	1,40793E+003	12	...........
	548	2745	7,45330E-001	1,00016E-001	0,00000E+000	7,45451E-002	2,99869E-001	0,00000E+000	1,40788E+003	12	...........
	549	2750	7,45790E-001	1,00016E-001	0,00000E+000	7,45911E-002	2,99869E-001	0,00000E+000	1,40790E+003	12	...........
	550	2755	7,46231E-001	1,00016E-001	0,00000E+000	7,46348E-002	2,99869E-001	0,00000E+000	1,40795E+003	12	...........
	551	2760	7,46748E-001	1,00017E-001	0,00000E+000	7,46878E-002	2,99869E-001	0,00000E+000	1,40795E+003	12	...........
	552	2765	7,47197E-001	1,00016E-001	0,00000E+000	7,47316E-002	2,99869E-001	0,00000E+000	1,40790E+003	12	...........
	553	2770	7,47692E-001	1,00017E-001	0,00000E+000	7,47820E-002	2,99869E-001	0,00000E+000	1,40792E+003	12	...........
	554	2775	7,48273E-001	1,00016E-001	0,00000E+000	7,48390E-002	2,99869E-001	0,00000E+000	1,40790E+003	12	...........
	555	2780	7,48715E-001	1,00016E-001	0,00000E+000	7,48837E-002	2,99869E-001	0,00000E+000	1,40795E+003	12	...........
	556	2785	7,49322E-001	1,00015E-001	0,00000E+000	7,49436E-002	2,99869E-001	0,00000E+000	1,40793E+003	12	...........
	557	2790	7,49808E-001	1,00016E-001	0,00000E+000	7,49928E-002	2,99869E-001	0,00000E+000	1,40795E+003	12	...........
	558	2795	7,50329E-001	1,00016E-001	0,00000E+000	7,50447E-002	2,99869E-001	0,00000E+000	1,40790E+003	12	...........
	559	2800	7,50881E-001	1,00016E-001	0,00000E+000	7,50998E-002	2,99869E-001	0,00000E+000	1,40792E+003	12	...........
	560	2805	7,51469E-001	1,00016E-001	0,00000E+000	7,51587E-002	2,99869E-001	0,00000E+000	1,40795E+003	12	...........
	561	2810	7,52026E-001	1,00016E-001	0,00000E+000	7,52144E-002	2,99869E-001	0,00000E+000	1,40793E+003	12	...........
	562	2815	7,52657E-001	1,00016E-001	0,00000E+000	7,52775E-002	2,99869E-001	0,00000E+000	1,40790E+003	12	...........
	563	2820	7,53246E-001	1,00016E-001	0,00000E+000	7,53367E-002	2,99869E-001	0,00000E+000	1,40788E+003	12	...........
	564	2825	7,53868E-001	1,00016E-001	0,00000E+000	7,53986E-002	2,99869E-001	0,00000E+000	1,40783E+003	12	...........
	565	2830	7,54494E-001	1,00017E-001	0,00000E+000	7,54621E-002	2,99869E-001	0,00000E+000	1,40791E+003	12	...........
	566	2835	7,55056E-001	1,00016E-001	0,00000E+000	7,55177E-002	2,99869E-001	0,00000E+000	1,40788E+003	12	...........
	567	2840	7,55833E-001	1,00016E-001	0,00000E+000	7,55957E-002	2,99869E-001	0,00000E+000	1,40787E+003	12	...........
	568	2845	7,56417E-001	1,00016E-001	0,00000E+000	7,56535E-002	2,99869E-001	0,00000E+000	1,40793E+003	12	...........
	569	2850	7,57113E-001	1,00015E-001	0,00000E+000	7,57229E-002	2,99869E-001	0,00000E+000	1,40795E+003	12	...........
	570	2855	7,57812E-001	1,00015E-001	0,00000E+000	7,57929E-002	2,99869E-001	0,00000E+000	1,40795E+003	12	...........
	571	2860	7,58548E-001	1,00016E-001	0,00000E+000	7,58672E-002	2,99869E-001	0,00000E+000	1,40793E+003	12	...........
	572	2865	7,59277E-001	1,00016E-001	0,00000E+000	7,59396E-002	2,99869E-001	0,00000E+000	1,40792E+003	12	...........
	573	2870	7,60040E-001	1,00016E-001	0,00000E+000	7,60162E-002	2,99869E-001	0,00000E+000	1,40790E+003	12	...........
	574	2875	7,60906E-001	1,00016E-001	0,00000E+000	7,61026E-002	2,99869E-001	0,00000E+000	1,40795E+003	12	...........
	575	2880	7,61579E-001	1,00016E-001	0,00000E+000	7,61702E-002	2,99869E-001	0,00000E+000	1,40792E+003	12	...........
	576	2885	7,62529E-001	1,00016E-001	0,00000E+000	7,62654E-002	2,99869E-001	0,00000E+000	1,40795E+003	12	...........
	577	2890	7,63282E-001	1,00016E-001	0,00000E+000	7,63407E-002	2,99869E-001	0,00000E+000	1,40793E+003	12	...........
	578	2895	7,64170E-001	1,00016E-001	0,00000E+000	7,64295E-002	2,99869E-001	0,00000E+000	1,40788E+003	12	...........
	579	2900	7,65108E-001	1,00017E-001	0,00000E+000	7,65238E-002	2,99869E-001	0,00000E+000	1,40788E+003	12	...........
	580	2905	7,66016E-001	1,00016E-001	0,00000E+000	7,66141E-002	2,99869E-001	0,00000E+000	1,40788E+003	12	...........
	581	2910	7,66963E-001	1,00017E-001	0,00000E+000	7,67091E-002	2,99869E-001	0,00000E+000	1,40792E+003	12	...........
	582	2915	7,67969E-001	1,00016E-001	0,00000E+000	7,68093E-002	2,99869E-001	0,00000E+000	1,40783E+003	12	...........
	583	2920	7,68984E-001	1,00016E-001	0,00000E+000	7,69110E-002	2,99869E-001	0,00000E+000	1,40793E+003	12	...........
	584	2925	7,70160E-001	1,00015E-001	0,00000E+000	7,70278E-002	2,99869E-001	0,00000E+000	1,40792E+003	12	...........
	585	2930	7,71401E-001	1,00016E-001	0,00000E+000	7,71527E-002	2,99869E-001	0,00000E+000	1,40792E+003	12	...........
	586	2935	7,72430E-001	1,00017E-001	0,00000E+000	7,72564E-002	2,99869E-001	0,00000E+000	1,40793E+003	12	...........
	587	2940	7,73989E-001	1,00017E-001	0,00000E+000	7,74117E-002	2,99869E-001	0,00000E+000	1,40793E+003	12	...........
	588	2945	7,74916E-001	1,00016E-001	0,00000E+000	7,75042E-002	2,99869E-001	0,00000E+000	1,40793E+003	12	...........
	589	2950	7,76271E-001	1,00017E-001	0,00000E+000	7,76399E-002	2,99869E-001	0,00000E+000	1,40787E+003	12	...........
	590	2955	7,77676E-001	1,00017E-001	0,00000E+000	7,77808E-002	2,99869E-001	0,00000E+000	1,40795E+003	12	...........
	591	2960	7,79157E-001	1,00017E-001	0,00000E+000	7,79286E-002	2,99869E-001	0,00000E+000	1,40793E+003	12	...........
	592	2965	7,80870E-001	1,00016E-001	0,00000E+000	7,80998E-002	2,99869E-001	0,00000E+000	1,40786E+003	12	...........
	593	2970	7,82591E-001	1,00017E-001	0,00000E+000	7,82724E-002	2,99869E-001	0,00000E+000	1,40788E+003	12	...........
	594	2975	7,84367E-001	1,00016E-001	0,00000E+000	7,84495E-002	2,99869E-001	0,00000E+000	1,40794E+003	12	...........
	595	2980	7,86168E-001	1,00017E-001	0,00000E+000	7,86302E-002	2,99869E-001	0,00000E+000	1,40783E+003	12	...........
	596	2985	7,88591E-001	1,00017E-001	0,00000E+000	7,88723E-002	2,99869E-001	0,00000E+000	1,40787E+003	12	...........
	597	2990	7,90433E-001	1,00017E-001	0,00000E+000	7,90567E-002	2,99869E-001	0,00000E+000	1,40787E+003	12	...........
	598	2995	7,93222E-001	1,00017E-001	0,00000E+000	7,93357E-002	2,99869E-001	0,00000E+000	1,40795E+003	12	...........
	599	3000	7,96211E-001	1,00016E-001	0,00000E+000	7,96341E-002	2,99869E-001	0,00000E+000	1,40788E+003	12	...........
	600	3005	7,99065E-001	1,00017E-001	0,00000E+000	7,99201E-002	2,99869E-001	0,00000E+000	1,40795E+003	12	...........
	601	3010	8,02052E-001	1,00018E-001	0,00000E+000	8,02197E-002	2,99869E-001	0,00000E+000	1,40792E+003	12	...........
	602	3015	8,07029E-001	1,00018E-001	0,00000E+000	8,07170E-002	2,99869E-001	0,00000E+000	1,40793E+003	12	...........
	603	3020	8,11822E-001	1,00017E-001	0,00000E+000	8,11959E-002	2,99869E-001	0,00000E+000	1,40795E+003	12	...........
	604	3023,59	8,18141E-001	1,00017E-001	0,00000E+000	8,18281E-002	2,99869E-001	0,00000E+000	1,40789E+003	12	...........
STARTTIMEOFFSET	QUANT	254745,7	Start Time Offset (s)
