...
DATE	LABEL	26/7/2022	Date
TIME	LABEL	4:32:59	Time
...
CURVE	TABLE	793
	Pt	T	Vf	Im	Vu	Pwr	Sig	Ach	Temp	IERange	Over
	#	s	V	A	V	W	V	V	deg C	#	bits
	0	5	5,65150E-001	-9,99923E-002	0,00000E+000	-5,65106E-002	-2,99869E-001	0,00000E+000	1,40802E+003	12	...........
	1	10	5,53575E-001	-9,99925E-002	0,00000E+000	-5,53534E-002	-2,99869E-001	0,00000E+000	1,40805E+003	12	...........
	2	15	5,52390E-001	-9,99923E-002	0,00000E+000	-5,52348E-002	-2,99869E-001	0,00000E+000	1,40805E+003	12	...........
	3	20	5,50363E-001	-9,99916E-002	0,00000E+000	-5,50317E-002	-2,99869E-001	0,00000E+000	1,40805E+003	12	...........
	4	25	5,48299E-001	-9,99917E-002	0,00000E+000	-5,48254E-002	-2,99869E-001	0,00000E+000	1,40805E+003	12	...........
	5	30	5,46982E-001	-9,99922E-002	0,00000E+000	-5,46939E-002	-2,99869E-001	0,00000E+000	1,40805E+003	12	...........
	6	35	5,45838E-001	-9,99922E-002	0,00000E+000	-5,45795E-002	-2,99869E-001	0,00000E+000	1,40802E+003	12	...........
	7	40	5,44966E-001	-9,99923E-002	0,00000E+000	-5,44924E-002	-2,99869E-001	0,00000E+000	1,40805E+003	12	...........
	8	45	5,43990E-001	-9,99924E-002	0,00000E+000	-5,43948E-002	-2,99869E-001	0,00000E+000	1,40802E+003	12	...........
	9	50	5,43117E-001	-9,99919E-002	0,00000E+000	-5,43073E-002	-2,99869E-001	0,00000E+000	1,40802E+003	12	...........
	10	55	5,42162E-001	-9,99924E-002	0,00000E+000	-5,42120E-002	-2,99869E-001	0,00000E+000	1,40800E+003	12	...........
	11	60	5,41273E-001	-9,99923E-002	0,00000E+000	-5,41231E-002	-2,99869E-001	0,00000E+000	1,40800E+003	12	...........
	12	65	5,40425E-001	-9,99919E-002	0,00000E+000	-5,40381E-002	-2,99869E-001	0,00000E+000	1,40803E+003	12	...........
	13	70	5,39785E-001	-9,99922E-002	0,00000E+000	-5,39743E-002	-2,99869E-001	0,00000E+000	1,40802E+003	12	...........
	14	75	5,39100E-001	-9,99919E-002	0,00000E+000	-5,39056E-002	-2,99869E-001	0,00000E+000	1,40800E+003	12	...........
	15	80	5,38375E-001	-9,99914E-002	0,00000E+000	-5,38328E-002	-2,99869E-001	0,00000E+000	1,40800E+003	12	...........
	16	85	5,37601E-001	-9,99918E-002	0,00000E+000	-5,37557E-002	-2,99869E-001	0,00000E+000	1,40800E+003	12	...........
	17	90	5,36824E-001	-9,99928E-002	0,00000E+000	-5,36785E-002	-2,99869E-001	0,00000E+000	1,40800E+003	12	...........
	18	95	5,36110E-001	-9,99920E-002	0,00000E+000	-5,36067E-002	-2,99869E-001	0,00000E+000	1,40800E+003	12	...........
	19	100	5,35599E-001	-9,99921E-002	0,00000E+000	-5,35556E-002	-2,99869E-001	0,00000E+000	1,40800E+003	12	...........
	20	105	5,35086E-001	-9,99923E-002	0,00000E+000	-5,35045E-002	-2,99869E-001	0,00000E+000	1,40800E+003	12	...........
	21	110	5,34420E-001	-9,99927E-002	0,00000E+000	-5,34381E-002	-2,99869E-001	0,00000E+000	1,40800E+003	12	...........
	22	115	5,33749E-001	-9,99915E-002	0,00000E+000	-5,33703E-002	-2,99869E-001	0,00000E+000	1,40800E+003	12	...........
	23	120	5,33088E-001	-9,99921E-002	0,00000E+000	-5,33046E-002	-2,99869E-001	0,00000E+000	1,40800E+003	12	...........
	24	125	5,32436E-001	-9,99925E-002	0,00000E+000	-5,32396E-002	-2,99869E-001	0,00000E+000	1,40800E+003	12	...........
	25	130	5,31991E-001	-9,99918E-002	0,00000E+000	-5,31948E-002	-2,99869E-001	0,00000E+000	1,40800E+003	12	...........
	26	135	5,31456E-001	-9,99928E-002	0,00000E+000	-5,31418E-002	-2,99869E-001	0,00000E+000	1,40800E+003	12	...........
	27	140	5,30965E-001	-9,99914E-002	0,00000E+000	-5,30920E-002	-2,99869E-001	0,00000E+000	1,40800E+003	12	...........
	28	145	5,30385E-001	-9,99927E-002	0,00000E+000	-5,30346E-002	-2,99869E-001	0,00000E+000	1,40800E+003	12	...........
	29	150	5,29804E-001	-9,99924E-002	0,00000E+000	-5,29764E-002	-2,99869E-001	0,00000E+000	1,40800E+003	12	...........
	30	155	5,29219E-001	-9,99919E-002	0,00000E+000	-5,29176E-002	-2,99869E-001	0,00000E+000	1,40802E+003	12	...........
	31	160	5,28843E-001	-9,99930E-002	0,00000E+000	-5,28806E-002	-2,99869E-001	0,00000E+000	1,40800E+003	12	...........
	32	165	5,28399E-001	-9,99920E-002	0,00000E+000	-5,28357E-002	-2,99869E-001	0,00000E+000	1,40800E+003	12	...........
	33	170	5,27926E-001	-9,99920E-002	0,00000E+000	-5,27884E-002	-2,99869E-001	0,00000E+000	1,40800E+003	12	...........
	34	175	5,27309E-001	-9,99924E-002	0,00000E+000	-5,27269E-002	-2,99869E-001	0,00000E+000	1,40800E+003	12	...........
	35	180	5,26814E-001	-9,99921E-002	0,00000E+000	-5,26772E-002	-2,99869E-001	0,00000E+000	1,40800E+003	12	...........
	36	185	5,26388E-001	-9,99924E-002	0,00000E+000	-5,26348E-002	-2,99869E-001	0,00000E+000	1,40800E+003	12	...........
	37	190	5,25965E-001	-9,99926E-002	0,00000E+000	-5,25926E-002	-2,99869E-001	0,00000E+000	1,40800E+003	12	...........
	38	195	5,25603E-001	-9,99940E-002	0,00000E+000	-5,25571E-002	-2,99869E-001	0,00000E+000	1,40800E+003	12	...........
	39	200	5,25129E-001	-9,99922E-002	0,00000E+000	-5,25088E-002	-2,99869E-001	0,00000E+000	1,40800E+003	12	...........
	40	205	5,24619E-001	-9,99921E-002	0,00000E+000	-5,24577E-002	-2,99869E-001	0,00000E+000	1,40800E+003	12	...........
	41	210	5,24126E-001	-9,99921E-002	0,00000E+000	-5,24084E-002	-2,99869E-001	0,00000E+000	1,40800E+003	12	...........
	42	215	5,23725E-001	-9,99922E-002	0,00000E+000	-5,23684E-002	-2,99869E-001	0,00000E+000	1,40800E+003	12	...........
	43	220	5,23266E-001	-9,99925E-002	0,00000E+000	-5,23226E-002	-2,99869E-001	0,00000E+000	1,40800E+003	12	...........
	44	225	5,22940E-001	-9,99933E-002	0,00000E+000	-5,22905E-002	-2,99869E-001	0,00000E+000	1,40800E+003	12	...........
	45	230	5,22532E-001	-9,99925E-002	0,00000E+000	-5,22493E-002	-2,99869E-001	0,00000E+000	1,40802E+003	12	...........
	46	235	5,21993E-001	-9,99924E-002	0,00000E+000	-5,21953E-002	-2,99869E-001	0,00000E+000	1,40800E+003	12	...........
	47	240	5,21565E-001	-9,99927E-002	0,00000E+000	-5,21527E-002	-2,99869E-001	0,00000E+000	1,40800E+003	12	...........
	48	245	5,21154E-001	-9,99926E-002	0,00000E+000	-5,21115E-002	-2,99869E-001	0,00000E+000	1,40800E+003	12	...........
	49	250	5,20922E-001	-9,99925E-002	0,00000E+000	-5,20883E-002	-2,99869E-001	0,00000E+000	1,40800E+003	12	...........
	50	255	5,20539E-001	-9,99924E-002	0,00000E+000	-5,20500E-002	-2,99869E-001	0,00000E+000	1,40800E+003	12	...........
	51	260	5,20097E-001	-9,99925E-002	0,00000E+000	-5,20058E-002	-2,99869E-001	0,00000E+000	1,40800E+003	12	...........
	52	265	5,19578E-001	-9,99934E-002	0,00000E+000	-5,19544E-002	-2,99869E-001	0,00000E+000	1,40800E+003	12	...........
	53	270	5,19214E-001	-9,99929E-002	0,00000E+000	-5,19177E-002	-2,99869E-001	0,00000E+000	1,40800E+003	12	...........
	54	275	5,18811E-001	-9,99926E-002	0,00000E+000	-5,18773E-002	-2,99869E-001	0,00000E+000	1,40800E+003	12	...........
	55	280	5,18465E-001	-9,99924E-002	0,00000E+000	-5,18426E-002	-2,99869E-001	0,00000E+000	1,40801E+003	12	...........
	56	285	5,18211E-001	-9,99927E-002	0,00000E+000	-5,18173E-002	-2,99869E-001	0,00000E+000	1,40800E+003	12	...........
	57	290	5,17849E-001	-9,99925E-002	0,00000E+000	-5,17810E-002	-2,99869E-001	0,00000E+000	1,40802E+003	12	...........
	58	295	5,17381E-001	-9,99924E-002	0,00000E+000	-5,17342E-002	-2,99869E-001	0,00000E+000	1,40800E+003	12	...........
	59	300	5,16988E-001	-9,99926E-002	0,00000E+000	-5,16950E-002	-2,99869E-001	0,00000E+000	1,40800E+003	12	...........
	60	305	5,16580E-001	-9,99932E-002	0,00000E+000	-5,16545E-002	-2,99869E-001	0,00000E+000	1,40800E+003	12	...........
	61	310	5,16324E-001	-9,99925E-002	0,00000E+000	-5,16285E-002	-2,99869E-001	0,00000E+000	1,40800E+003	12	...........
	62	315	5,16074E-001	-9,99927E-002	0,00000E+000	-5,16036E-002	-2,99869E-001	0,00000E+000	1,40800E+003	12	...........
	63	320	5,15709E-001	-9,99926E-002	0,00000E+000	-5,15671E-002	-2,99869E-001	0,00000E+000	1,40800E+003	12	...........
	64	325	5,15308E-001	-9,99926E-002	0,00000E+000	-5,15270E-002	-2,99869E-001	0,00000E+000	1,40800E+003	12	...........
	65	330	5,14901E-001	-9,99927E-002	0,00000E+000	-5,14863E-002	-2,99869E-001	0,00000E+000	1,40802E+003	12	...........
	66	335	5,14529E-001	-9,99926E-002	0,00000E+000	-5,14491E-002	-2,99869E-001	0,00000E+000	1,40800E+003	12	...........
	67	340	5,14318E-001	-9,99924E-002	0,00000E+000	-5,14279E-002	-2,99869E-001	0,00000E+000	1,40800E+003	12	...........
	68	345	5,14061E-001	-9,99925E-002	0,00000E+000	-5,14022E-002	-2,99869E-001	0,00000E+000	1,40800E+003	12	...........
	69	350	5,13679E-001	-9,99924E-002	0,00000E+000	-5,13640E-002	-2,99869E-001	0,00000E+000	1,40800E+003	12	...........
	70	355	5,13336E-001	-9,99930E-002	0,00000E+000	-5,13300E-002	-2,99869E-001	0,00000E+000	1,40800E+003	12	...........
	71	360	5,12943E-001	-9,99934E-002	0,00000E+000	-5,12909E-002	-2,99869E-001	0,00000E+000	1,40800E+003	12	...........
	72	365	5,12573E-001	-9,99925E-002	0,00000E+000	-5,12534E-002	-2,99869E-001	0,00000E+000	1,40800E+003	12	...........
	73	370	5,12397E-001	-9,99922E-002	0,00000E+000	-5,12357E-002	-2,99869E-001	0,00000E+000	1,40800E+003	12	...........
	74	375	5,12142E-001	-9,99931E-002	0,00000E+000	-5,12107E-002	-2,99869E-001	0,00000E+000	1,40800E+003	12	...........
	75	380	5,11820E-001	-9,99920E-002	0,00000E+000	-5,11779E-002	-2,99869E-001	0,00000E+000	1,40800E+003	12	...........
	76	385	5,11501E-001	-9,99927E-002	0,00000E+000	-5,11464E-002	-2,99869E-001	0,00000E+000	1,40800E+003	12	...........
	77	390	5,11130E-001	-9,99924E-002	0,00000E+000	-5,11091E-002	-2,99869E-001	0,00000E+000	1,40800E+003	12	...........
	78	395	5,10815E-001	-9,99930E-002	0,00000E+000	-5,10779E-002	-2,99869E-001	0,00000E+000	1,40800E+003	12	...........
	79	400	5,10544E-001	-9,99917E-002	0,00000E+000	-5,10501E-002	-2,99869E-001	0,00000E+000	1,40800E+003	12	...........
	80	405	5,10309E-001	-9,99926E-002	0,00000E+000	-5,10271E-002	-2,99869E-001	0,00000E+000	1,40800E+003	12	...........
	81	410	5,09998E-001	-9,99925E-002	0,00000E+000	-5,09959E-002	-2,99869E-001	0,00000E+000	1,40800E+003	12	...........
	82	415	5,09661E-001	-9,99927E-002	0,00000E+000	-5,09624E-002	-2,99869E-001	0,00000E+000	1,40800E+003	12	...........
	83	420	5,09321E-001	-9,99928E-002	0,00000E+000	-5,09284E-002	-2,99869E-001	0,00000E+000	1,40800E+003	12	...........
	84	425	5,09028E-001	-9,99916E-002	0,00000E+000	-5,08985E-002	-2,99869E-001	0,00000E+000	1,40800E+003	12	...........
	85	430	5,08783E-001	-9,99918E-002	0,00000E+000	-5,08741E-002	-2,99869E-001	0,00000E+000	1,40800E+003	12	...........
	86	435	5,08644E-001	-9,99926E-002	0,00000E+000	-5,08606E-002	-2,99869E-001	0,00000E+000	1,40800E+003	12	...........
	87	440	5,08376E-001	-9,99921E-002	0,00000E+000	-5,08336E-002	-2,99869E-001	0,00000E+000	1,40800E+003	12	...........
	88	445	5,07967E-001	-9,99926E-002	0,00000E+000	-5,07930E-002	-2,99869E-001	0,00000E+000	1,40800E+003	12	...........
	89	450	5,07610E-001	-9,99933E-002	0,00000E+000	-5,07576E-002	-2,99869E-001	0,00000E+000	1,40800E+003	12	...........
	90	455	5,07265E-001	-9,99937E-002	0,00000E+000	-5,07233E-002	-2,99869E-001	0,00000E+000	1,40800E+003	12	...........
	91	460	5,07114E-001	-9,99924E-002	0,00000E+000	-5,07076E-002	-2,99869E-001	0,00000E+000	1,40800E+003	12	...........
	92	465	5,06922E-001	-9,99931E-002	0,00000E+000	-5,06887E-002	-2,99869E-001	0,00000E+000	1,40800E+003	12	...........
	93	470	5,06775E-001	-9,99928E-002	0,00000E+000	-5,06739E-002	-2,99869E-001	0,00000E+000	1,40800E+003	12	...........
	94	475	5,06399E-001	-9,99923E-002	0,00000E+000	-5,06360E-002	-2,99869E-001	0,00000E+000	1,40802E+003	12	...........
	95	480	5,06104E-001	-9,99930E-002	0,00000E+000	-5,06069E-002	-2,99869E-001	0,00000E+000	1,40800E+003	12	...........
	96	485	5,05811E-001	-9,99935E-002	0,00000E+000	-5,05779E-002	-2,99869E-001	0,00000E+000	1,40800E+003	12	...........
	97	490	5,05609E-001	-9,99927E-002	0,00000E+000	-5,05572E-002	-2,99869E-001	0,00000E+000	1,40803E+003	12	...........
	98	495	5,05431E-001	-9,99934E-002	0,00000E+000	-5,05398E-002	-2,99869E-001	0,00000E+000	1,40800E+003	12	...........
	99	500	5,05168E-001	-9,99926E-002	0,00000E+000	-5,05130E-002	-2,99869E-001	0,00000E+000	1,40802E+003	12	...........
	100	505	5,04792E-001	-9,99928E-002	0,00000E+000	-5,04756E-002	-2,99869E-001	0,00000E+000	1,40800E+003	12	...........
	101	510	5,04522E-001	-9,99935E-002	0,00000E+000	-5,04489E-002	-2,99869E-001	0,00000E+000	1,40802E+003	12	...........
	102	515	5,04215E-001	-9,99932E-002	0,00000E+000	-5,04180E-002	-2,99869E-001	0,00000E+000	1,40800E+003	12	...........
	103	520	5,04056E-001	-9,99924E-002	0,00000E+000	-5,04018E-002	-2,99869E-001	0,00000E+000	1,40800E+003	12	...........
	104	525	5,03904E-001	-9,99922E-002	0,00000E+000	-5,03864E-002	-2,99869E-001	0,00000E+000	1,40800E+003	12	...........
	105	530	5,03637E-001	-9,99926E-002	0,00000E+000	-5,03599E-002	-2,99869E-001	0,00000E+000	1,40800E+003	12	...........
	106	535	5,03315E-001	-9,99929E-002	0,00000E+000	-5,03279E-002	-2,99869E-001	0,00000E+000	1,40800E+003	12	...........
	107	540	5,02991E-001	-9,99924E-002	0,00000E+000	-5,02953E-002	-2,99869E-001	0,00000E+000	1,40800E+003	12	...........
	108	545	5,02695E-001	-9,99928E-002	0,00000E+000	-5,02659E-002	-2,99869E-001	0,00000E+000	1,40800E+003	12	...........
	109	550	5,02531E-001	-9,99930E-002	0,00000E+000	-5,02496E-002	-2,99869E-001	0,00000E+000	1,40800E+003	12	...........
	110	555	5,02396E-001	-9,99928E-002	0,00000E+000	-5,02359E-002	-2,99869E-001	0,00000E+000	1,40800E+003	12	...........
	111	560	5,02135E-001	-9,99925E-002	0,00000E+000	-5,02097E-002	-2,99869E-001	0,00000E+000	1,40800E+003	12	...........
	112	565	5,01781E-001	-9,99921E-002	0,00000E+000	-5,01741E-002	-2,99869E-001	0,00000E+000	1,40800E+003	12	...........
	113	570	5,01498E-001	-9,99924E-002	0,00000E+000	-5,01460E-002	-2,99869E-001	0,00000E+000	1,40800E+003	12	...........
	114	575	5,01142E-001	-9,99927E-002	0,00000E+000	-5,01105E-002	-2,99869E-001	0,00000E+000	1,40800E+003	12	...........
	115	580	5,01058E-001	-9,99925E-002	0,00000E+000	-5,01020E-002	-2,99869E-001	0,00000E+000	1,40800E+003	12	...........
	116	585	5,00889E-001	-9,99931E-002	0,00000E+000	-5,00855E-002	-2,99869E-001	0,00000E+000	1,40800E+003	12	...........
	117	590	5,00655E-001	-9,99928E-002	0,00000E+000	-5,00619E-002	-2,99869E-001	0,00000E+000	1,40800E+003	12	...........
	118	595	5,00315E-001	-9,99920E-002	0,00000E+000	-5,00275E-002	-2,99869E-001	0,00000E+000	1,40800E+003	12	...........
	119	600	5,00074E-001	-9,99916E-002	0,00000E+000	-5,00033E-002	-2,99869E-001	0,00000E+000	1,40802E+003	12	...........
	120	605	4,99747E-001	-9,99923E-002	0,00000E+000	-4,99709E-002	-2,99869E-001	0,00000E+000	1,40800E+003	12	...........
	121	610	4,99626E-001	-9,99922E-002	0,00000E+000	-4,99587E-002	-2,99869E-001	0,00000E+000	1,40800E+003	12	...........
	122	615	4,99502E-001	-9,99928E-002	0,00000E+000	-4,99466E-002	-2,99869E-001	0,00000E+000	1,40800E+003	12	...........
	123	620	4,99177E-001	-9,99927E-002	0,00000E+000	-4,99141E-002	-2,99869E-001	0,00000E+000	1,40800E+003	12	...........
	124	625	4,98906E-001	-9,99919E-002	0,00000E+000	-4,98866E-002	-2,99869E-001	0,00000E+000	1,40800E+003	12	...........
	125	630	4,98574E-001	-9,99921E-002	0,00000E+000	-4,98534E-002	-2,99869E-001	0,00000E+000	1,40800E+003	12	...........
	126	635	4,98330E-001	-9,99924E-002	0,00000E+000	-4,98292E-002	-2,99869E-001	0,00000E+000	1,40800E+003	12	...........
	127	640	4,98160E-001	-9,99923E-002	0,00000E+000	-4,98122E-002	-2,99869E-001	0,00000E+000	1,40800E+003	12	...........
	128	645	4,98091E-001	-9,99925E-002	0,00000E+000	-4,98053E-002	-2,99869E-001	0,00000E+000	1,40800E+003	12	...........
	129	650	4,97866E-001	-9,99924E-002	0,00000E+000	-4,97829E-002	-2,99869E-001	0,00000E+000	1,40800E+003	12	...........
	130	655	4,97516E-001	-9,99925E-002	0,00000E+000	-4,97479E-002	-2,99869E-001	0,00000E+000	1,40802E+003	12	...........
	131	660	4,97286E-001	-9,99930E-002	0,00000E+000	-4,97251E-002	-2,99869E-001	0,00000E+000	1,40800E+003	12	...........
	132	665	4,97006E-001	-9,99919E-002	0,00000E+000	-4,96966E-002	-2,99869E-001	0,00000E+000	1,40800E+003	12	...........
	133	670	4,96793E-001	-9,99932E-002	0,00000E+000	-4,96759E-002	-2,99869E-001	0,00000E+000	1,40800E+003	12	...........
	134	675	4,96745E-001	-9,99920E-002	0,00000E+000	-4,96705E-002	-2,99869E-001	0,00000E+000	1,40800E+003	12	...........
	135	680	4,96514E-001	-9,99924E-002	0,00000E+000	-4,96477E-002	-2,99869E-001	0,00000E+000	1,40800E+003	12	...........
	136	685	4,96238E-001	-9,99929E-002	0,00000E+000	-4,96203E-002	-2,99869E-001	0,00000E+000	1,40800E+003	12	...........
	137	690	4,95904E-001	-9,99918E-002	0,00000E+000	-4,95863E-002	-2,99869E-001	0,00000E+000	1,40800E+003	12	...........
	138	695	4,95702E-001	-9,99921E-002	0,00000E+000	-4,95663E-002	-2,99869E-001	0,00000E+000	1,40800E+003	12	...........
	139	700	4,95558E-001	-9,99926E-002	0,00000E+000	-4,95521E-002	-2,99869E-001	0,00000E+000	1,40800E+003	12	...........
	140	705	4,95403E-001	-9,99928E-002	0,00000E+000	-4,95367E-002	-2,99869E-001	0,00000E+000	1,40800E+003	12	...........
	141	710	4,95277E-001	-9,99918E-002	0,00000E+000	-4,95236E-002	-2,99869E-001	0,00000E+000	1,40800E+003	12	...........
	142	715	4,94963E-001	-9,99927E-002	0,00000E+000	-4,94927E-002	-2,99869E-001	0,00000E+000	1,40800E+003	12	...........
	143	720	4,94635E-001	-9,99920E-002	0,00000E+000	-4,94596E-002	-2,99869E-001	0,00000E+000	1,40800E+003	12	...........
	144	725	4,94442E-001	-9,99925E-002	0,00000E+000	-4,94405E-002	-2,99869E-001	0,00000E+000	1,40800E+003	12	...........
	145	730	4,94280E-001	-9,99924E-002	0,00000E+000	-4,94242E-002	-2,99869E-001	0,00000E+000	1,40800E+003	12	...........
	146	735	4,94218E-001	-9,99931E-002	0,00000E+000	-4,94184E-002	-2,99869E-001	0,00000E+000	1,40800E+003	12	...........
	147	740	4,94001E-001	-9,99925E-002	0,00000E+000	-4,93964E-002	-2,99869E-001	0,00000E+000	1,40800E+003	12	...........
	148	745	4,93658E-001	-9,99924E-002	0,00000E+000	-4,93620E-002	-2,99869E-001	0,00000E+000	1,40800E+003	12	...........
	149	750	4,93376E-001	-9,99925E-002	0,00000E+000	-4,93339E-002	-2,99869E-001	0,00000E+000	1,40800E+003	12	...........
	150	755	4,93126E-001	-9,99922E-002	0,00000E+000	-4,93087E-002	-2,99869E-001	0,00000E+000	1,40797E+003	12	...........
	151	760	4,93035E-001	-9,99928E-002	0,00000E+000	-4,93000E-002	-2,99869E-001	0,00000E+000	1,40800E+003	12	...........
	152	765	4,93026E-001	-9,99921E-002	0,00000E+000	-4,92987E-002	-2,99869E-001	0,00000E+000	1,40800E+003	12	...........
	153	770	4,92769E-001	-9,99925E-002	0,00000E+000	-4,92732E-002	-2,99869E-001	0,00000E+000	1,40800E+003	12	...........
	154	775	4,92479E-001	-9,99932E-002	0,00000E+000	-4,92445E-002	-2,99869E-001	0,00000E+000	1,40800E+003	12	...........
	155	780	4,92159E-001	-9,99922E-002	0,00000E+000	-4,92120E-002	-2,99869E-001	0,00000E+000	1,40800E+003	12	...........
	156	785	4,91934E-001	-9,99926E-002	0,00000E+000	-4,91898E-002	-2,99869E-001	0,00000E+000	1,40800E+003	12	...........
	157	790	4,91818E-001	-9,99927E-002	0,00000E+000	-4,91782E-002	-2,99869E-001	0,00000E+000	1,40800E+003	12	...........
	158	795	4,91831E-001	-9,99928E-002	0,00000E+000	-4,91796E-002	-2,99869E-001	0,00000E+000	1,40800E+003	12	...........
	159	800	4,91607E-001	-9,99924E-002	0,00000E+000	-4,91570E-002	-2,99869E-001	0,00000E+000	1,40800E+003	12	...........
	160	805	4,91270E-001	-9,99926E-002	0,00000E+000	-4,91234E-002	-2,99869E-001	0,00000E+000	1,40800E+003	12	...........
	161	810	4,91115E-001	-9,99926E-002	0,00000E+000	-4,91079E-002	-2,99869E-001	0,00000E+000	1,40800E+003	12	...........
	162	815	4,90777E-001	-9,99924E-002	0,00000E+000	-4,90740E-002	-2,99869E-001	0,00000E+000	1,40800E+003	12	...........
	163	820	4,90654E-001	-9,99916E-002	0,00000E+000	-4,90613E-002	-2,99869E-001	0,00000E+000	1,40800E+003	12	...........
	164	825	4,90653E-001	-9,99923E-002	0,00000E+000	-4,90615E-002	-2,99869E-001	0,00000E+000	1,40800E+003	12	...........
	165	830	4,90478E-001	-9,99923E-002	0,00000E+000	-4,90440E-002	-2,99869E-001	0,00000E+000	1,40800E+003	12	...........
	166	835	4,90114E-001	-9,99919E-002	0,00000E+000	-4,90074E-002	-2,99869E-001	0,00000E+000	1,40800E+003	12	...........
	167	840	4,89848E-001	-9,99927E-002	0,00000E+000	-4,89812E-002	-2,99869E-001	0,00000E+000	1,40800E+003	12	...........
	168	845	4,89605E-001	-9,99931E-002	0,00000E+000	-4,89571E-002	-2,99869E-001	0,00000E+000	1,40800E+003	12	...........
	169	850	4,89468E-001	-9,99924E-002	0,00000E+000	-4,89431E-002	-2,99869E-001	0,00000E+000	1,40800E+003	12	...........
	170	855	4,89402E-001	-9,99935E-002	0,00000E+000	-4,89370E-002	-2,99869E-001	0,00000E+000	1,40800E+003	12	...........
	171	860	4,89226E-001	-9,99925E-002	0,00000E+000	-4,89189E-002	-2,99869E-001	0,00000E+000	1,40800E+003	12	...........
	172	865	4,88988E-001	-9,99928E-002	0,00000E+000	-4,88953E-002	-2,99869E-001	0,00000E+000	1,40800E+003	12	...........
	173	870	4,88718E-001	-9,99933E-002	0,00000E+000	-4,88685E-002	-2,99869E-001	0,00000E+000	1,40800E+003	12	...........
	174	875	4,88467E-001	-9,99926E-002	0,00000E+000	-4,88431E-002	-2,99869E-001	0,00000E+000	1,40800E+003	12	...........
	175	880	4,88336E-001	-9,99931E-002	0,00000E+000	-4,88303E-002	-2,99869E-001	0,00000E+000	1,40800E+003	12	...........
	176	885	4,88246E-001	-9,99930E-002	0,00000E+000	-4,88212E-002	-2,99869E-001	0,00000E+000	1,40800E+003	12	...........
	177	890	4,88128E-001	-9,99927E-002	0,00000E+000	-4,88093E-002	-2,99869E-001	0,00000E+000	1,40800E+003	12	...........
	178	895	4,87837E-001	-9,99930E-002	0,00000E+000	-4,87803E-002	-2,99869E-001	0,00000E+000	1,40800E+003	12	...........
	179	900	4,87632E-001	-9,99932E-002	0,00000E+000	-4,87598E-002	-2,99869E-001	0,00000E+000	1,40800E+003	12	...........
	180	905	4,87322E-001	-9,99929E-002	0,00000E+000	-4,87287E-002	-2,99869E-001	0,00000E+000	1,40800E+003	12	...........
	181	910	4,87163E-001	-9,99929E-002	0,00000E+000	-4,87129E-002	-2,99869E-001	0,00000E+000	1,40800E+003	12	...........
	182	915	4,87181E-001	-9,99928E-002	0,00000E+000	-4,87147E-002	-2,99869E-001	0,00000E+000	1,40800E+003	12	...........
	183	920	4,87002E-001	-9,99928E-002	0,00000E+000	-4,86967E-002	-2,99869E-001	0,00000E+000	1,40800E+003	12	...........
	184	925	4,86660E-001	-9,99930E-002	0,00000E+000	-4,86626E-002	-2,99869E-001	0,00000E+000	1,40800E+003	12	...........
	185	930	4,86430E-001	-9,99926E-002	0,00000E+000	-4,86395E-002	-2,99869E-001	0,00000E+000	1,40800E+003	12	...........
	186	935	4,86172E-001	-9,99926E-002	0,00000E+000	-4,86135E-002	-2,99869E-001	0,00000E+000	1,40800E+003	12	...........
	187	940	4,86092E-001	-9,99924E-002	0,00000E+000	-4,86055E-002	-2,99869E-001	0,00000E+000	1,40800E+003	12	...........
	188	945	4,86086E-001	-9,99928E-002	0,00000E+000	-4,86051E-002	-2,99869E-001	0,00000E+000	1,40800E+003	12	...........
	189	950	4,85872E-001	-9,99925E-002	0,00000E+000	-4,85835E-002	-2,99869E-001	0,00000E+000	1,40800E+003	12	...........
	190	955	4,85599E-001	-9,99926E-002	0,00000E+000	-4,85562E-002	-2,99869E-001	0,00000E+000	1,40800E+003	12	...........
	191	960	4,85371E-001	-9,99924E-002	0,00000E+000	-4,85334E-002	-2,99869E-001	0,00000E+000	1,40797E+003	12	...........
	192	965	4,85127E-001	-9,99931E-002	0,00000E+000	-4,85093E-002	-2,99869E-001	0,00000E+000	1,40800E+003	12	...........
	193	970	4,84999E-001	-9,99923E-002	0,00000E+000	-4,84962E-002	-2,99869E-001	0,00000E+000	1,40800E+003	12	...........
	194	975	4,84930E-001	-9,99924E-002	0,00000E+000	-4,84893E-002	-2,99869E-001	0,00000E+000	1,40800E+003	12	...........
	195	980	4,84762E-001	-9,99932E-002	0,00000E+000	-4,84729E-002	-2,99869E-001	0,00000E+000	1,40800E+003	12	...........
	196	985	4,84500E-001	-9,99925E-002	0,00000E+000	-4,84464E-002	-2,99869E-001	0,00000E+000	1,40800E+003	12	...........
	197	990	4,84247E-001	-9,99924E-002	0,00000E+000	-4,84210E-002	-2,99869E-001	0,00000E+000	1,40800E+003	12	...........
	198	995	4,83984E-001	-9,99925E-002	0,00000E+000	-4,83948E-002	-2,99869E-001	0,00000E+000	1,40800E+003	12	...........
	199	1000	4,83908E-001	-9,99930E-002	0,00000E+000	-4,83874E-002	-2,99869E-001	0,00000E+000	1,40800E+003	12	...........
	200	1005	4,83850E-001	-9,99927E-002	0,00000E+000	-4,83815E-002	-2,99869E-001	0,00000E+000	1,40800E+003	12	...........
	201	1010	4,83722E-001	-9,99928E-002	0,00000E+000	-4,83687E-002	-2,99869E-001	0,00000E+000	1,40800E+003	12	...........
	202	1015	4,83498E-001	-9,99921E-002	0,00000E+000	-4,83460E-002	-2,99869E-001	0,00000E+000	1,40800E+003	12	...........
	203	1020	4,83222E-001	-9,99931E-002	0,00000E+000	-4,83189E-002	-2,99869E-001	0,00000E+000	1,40800E+003	12	...........
	204	1025	4,82916E-001	-9,99933E-002	0,00000E+000	-4,82884E-002	-2,99869E-001	0,00000E+000	1,40800E+003	12	...........
	205	1030	4,82828E-001	-9,99925E-002	0,00000E+000	-4,82792E-002	-2,99869E-001	0,00000E+000	1,40797E+003	12	...........
	206	1035	4,82865E-001	-9,99930E-002	0,00000E+000	-4,82831E-002	-2,99869E-001	0,00000E+000	1,40800E+003	12	...........
	207	1040	4,82705E-001	-9,99922E-002	0,00000E+000	-4,82667E-002	-2,99869E-001	0,00000E+000	1,40800E+003	12	...........
	208	1045	4,82471E-001	-9,99922E-002	0,00000E+000	-4,82434E-002	-2,99869E-001	0,00000E+000	1,40800E+003	12	...........
	209	1050	4,82174E-001	-9,99934E-002	0,00000E+000	-4,82142E-002	-2,99869E-001	0,00000E+000	1,40800E+003	12	...........
	210	1055	4,81877E-001	-9,99932E-002	0,00000E+000	-4,81845E-002	-2,99869E-001	0,00000E+000	1,40800E+003	12	...........
	211	1060	4,81743E-001	-9,99924E-002	0,00000E+000	-4,81706E-002	-2,99869E-001	0,00000E+000	1,40800E+003	12	...........
	212	1065	4,81896E-001	-9,99925E-002	0,00000E+000	-4,81859E-002	-2,99869E-001	0,00000E+000	1,40800E+003	12	...........
	213	1070	4,81717E-001	-9,99923E-002	0,00000E+000	-4,81680E-002	-2,99869E-001	0,00000E+000	1,40798E+003	12	...........
	214	1075	4,81387E-001	-9,99921E-002	0,00000E+000	-4,81349E-002	-2,99869E-001	0,00000E+000	1,40797E+003	12	...........
	215	1080	4,81078E-001	-9,99926E-002	0,00000E+000	-4,81042E-002	-2,99869E-001	0,00000E+000	1,40800E+003	12	...........
	216	1085	4,80913E-001	-9,99925E-002	0,00000E+000	-4,80876E-002	-2,99869E-001	0,00000E+000	1,40800E+003	12	...........
	217	1090	4,80746E-001	-9,99927E-002	0,00000E+000	-4,80711E-002	-2,99869E-001	0,00000E+000	1,40800E+003	12	...........
	218	1095	4,80732E-001	-9,99928E-002	0,00000E+000	-4,80698E-002	-2,99869E-001	0,00000E+000	1,40797E+003	12	...........
	219	1100	4,80624E-001	-9,99930E-002	0,00000E+000	-4,80590E-002	-2,99869E-001	0,00000E+000	1,40796E+003	12	...........
	220	1105	4,80331E-001	-9,99927E-002	0,00000E+000	-4,80296E-002	-2,99869E-001	0,00000E+000	1,40795E+003	12	...........
	221	1110	4,80120E-001	-9,99926E-002	0,00000E+000	-4,80084E-002	-2,99869E-001	0,00000E+000	1,40800E+003	12	...........
	222	1115	4,79861E-001	-9,99934E-002	0,00000E+000	-4,79829E-002	-2,99869E-001	0,00000E+000	1,40800E+003	12	...........
	223	1120	4,79819E-001	-9,99931E-002	0,00000E+000	-4,79786E-002	-2,99869E-001	0,00000E+000	1,40799E+003	12	...........
	224	1125	4,79868E-001	-9,99926E-002	0,00000E+000	-4,79833E-002	-2,99869E-001	0,00000E+000	1,40795E+003	12	...........
	225	1130	4,79737E-001	-9,99929E-002	0,00000E+000	-4,79703E-002	-2,99869E-001	0,00000E+000	1,40797E+003	12	...........
	226	1135	4,79515E-001	-9,99932E-002	0,00000E+000	-4,79483E-002	-2,99869E-001	0,00000E+000	1,40799E+003	12	...........
	227	1140	4,79187E-001	-9,99932E-002	0,00000E+000	-4,79155E-002	-2,99869E-001	0,00000E+000	1,40800E+003	12	...........
	228	1145	4,78855E-001	-9,99933E-002	0,00000E+000	-4,78823E-002	-2,99869E-001	0,00000E+000	1,40800E+003	12	...........
	229	1150	4,78764E-001	-9,99938E-002	0,00000E+000	-4,78734E-002	-2,99869E-001	0,00000E+000	1,40800E+003	12	...........
	230	1155	4,78806E-001	-9,99933E-002	0,00000E+000	-4,78774E-002	-2,99869E-001	0,00000E+000	1,40800E+003	12	...........
	231	1160	4,78676E-001	-9,99933E-002	0,00000E+000	-4,78644E-002	-2,99869E-001	0,00000E+000	1,40800E+003	12	...........
	232	1165	4,78539E-001	-9,99928E-002	0,00000E+000	-4,78505E-002	-2,99869E-001	0,00000E+000	1,40800E+003	12	...........
	233	1170	4,78145E-001	-9,99929E-002	0,00000E+000	-4,78111E-002	-2,99869E-001	0,00000E+000	1,40800E+003	12	...........
	234	1175	4,77898E-001	-9,99932E-002	0,00000E+000	-4,77865E-002	-2,99869E-001	0,00000E+000	1,40800E+003	12	...........
	235	1180	4,77838E-001	-9,99929E-002	0,00000E+000	-4,77805E-002	-2,99869E-001	0,00000E+000	1,40799E+003	12	...........
	236	1185	4,77810E-001	-9,99931E-002	0,00000E+000	-4,77777E-002	-2,99869E-001	0,00000E+000	1,40800E+003	12	...........
	237	1190	4,77658E-001	-9,99928E-002	0,00000E+000	-4,77624E-002	-2,99869E-001	0,00000E+000	1,40800E+003	12	...........
	238	1195	4,77435E-001	-9,99928E-002	0,00000E+000	-4,77401E-002	-2,99869E-001	0,00000E+000	1,40800E+003	12	...........
	239	1200	4,77189E-001	-9,99928E-002	0,00000E+000	-4,77154E-002	-2,99869E-001	0,00000E+000	1,40800E+003	12	...........
	240	1205	4,76867E-001	-9,99935E-002	0,00000E+000	-4,76836E-002	-2,99869E-001	0,00000E+000	1,40800E+003	12	...........
	241	1210	4,76863E-001	-9,99928E-002	0,00000E+000	-4,76829E-002	-2,99869E-001	0,00000E+000	1,40800E+003	12	...........
	242	1215	4,76841E-001	-9,99929E-002	0,00000E+000	-4,76807E-002	-2,99869E-001	0,00000E+000	1,40800E+003	12	...........
	243	1220	4,76727E-001	-9,99933E-002	0,00000E+000	-4,76695E-002	-2,99869E-001	0,00000E+000	1,40800E+003	12	...........
	244	1225	4,76447E-001	-9,99926E-002	0,00000E+000	-4,76412E-002	-2,99869E-001	0,00000E+000	1,40800E+003	12	...........
	245	1230	4,76169E-001	-9,99932E-002	0,00000E+000	-4,76137E-002	-2,99869E-001	0,00000E+000	1,40800E+003	12	...........
	246	1235	4,75894E-001	-9,99922E-002	0,00000E+000	-4,75857E-002	-2,99869E-001	0,00000E+000	1,40798E+003	12	...........
	247	1240	4,75760E-001	-9,99927E-002	0,00000E+000	-4,75725E-002	-2,99869E-001	0,00000E+000	1,40800E+003	12	...........
	248	1245	4,75848E-001	-9,99928E-002	0,00000E+000	-4,75814E-002	-2,99869E-001	0,00000E+000	1,40800E+003	12	...........
	249	1250	4,75654E-001	-9,99930E-002	0,00000E+000	-4,75620E-002	-2,99869E-001	0,00000E+000	1,40800E+003	12	...........
	250	1255	4,75218E-001	-9,99923E-002	0,00000E+000	-4,75181E-002	-2,99869E-001	0,00000E+000	1,40800E+003	12	...........
	251	1260	4,74929E-001	-9,99924E-002	0,00000E+000	-4,74893E-002	-2,99869E-001	0,00000E+000	1,40797E+003	12	...........
	252	1265	4,74703E-001	-9,99921E-002	0,00000E+000	-4,74665E-002	-2,99869E-001	0,00000E+000	1,40795E+003	12	...........
	253	1270	4,74599E-001	-9,99929E-002	0,00000E+000	-4,74566E-002	-2,99869E-001	0,00000E+000	1,40800E+003	12	...........
	254	1275	4,74669E-001	-9,99934E-002	0,00000E+000	-4,74638E-002	-2,99869E-001	0,00000E+000	1,40797E+003	12	...........
	255	1280	4,74478E-001	-9,99924E-002	0,00000E+000	-4,74441E-002	-2,99869E-001	0,00000E+000	1,40797E+003	12	...........
	256	1285	4,74263E-001	-9,99934E-002	0,00000E+000	-4,74232E-002	-2,99869E-001	0,00000E+000	1,40797E+003	12	...........
	257	1290	4,73910E-001	-9,99920E-002	0,00000E+000	-4,73872E-002	-2,99869E-001	0,00000E+000	1,40796E+003	12	...........
	258	1295	4,73723E-001	-9,99929E-002	0,00000E+000	-4,73689E-002	-2,99869E-001	0,00000E+000	1,40797E+003	12	...........
	259	1300	4,73626E-001	-9,99925E-002	0,00000E+000	-4,73590E-002	-2,99869E-001	0,00000E+000	1,40798E+003	12	...........
	260	1305	4,73600E-001	-9,99928E-002	0,00000E+000	-4,73566E-002	-2,99869E-001	0,00000E+000	1,40800E+003	12	...........
	261	1310	4,73472E-001	-9,99933E-002	0,00000E+000	-4,73440E-002	-2,99869E-001	0,00000E+000	1,40800E+003	12	...........
	262	1315	4,73336E-001	-9,99926E-002	0,00000E+000	-4,73301E-002	-2,99869E-001	0,00000E+000	1,40797E+003	12	...........
	263	1320	4,72997E-001	-9,99933E-002	0,00000E+000	-4,72966E-002	-2,99869E-001	0,00000E+000	1,40797E+003	12	...........
	264	1325	4,72754E-001	-9,99932E-002	0,00000E+000	-4,72722E-002	-2,99869E-001	0,00000E+000	1,40799E+003	12	...........
	265	1330	4,72634E-001	-9,99930E-002	0,00000E+000	-4,72601E-002	-2,99869E-001	0,00000E+000	1,40797E+003	12	...........
	266	1335	4,72747E-001	-9,99932E-002	0,00000E+000	-4,72715E-002	-2,99869E-001	0,00000E+000	1,40797E+003	12	...........
	267	1340	4,72580E-001	-9,99933E-002	0,00000E+000	-4,72548E-002	-2,99869E-001	0,00000E+000	1,40797E+003	12	...........
	268	1345	4,72411E-001	-9,99932E-002	0,00000E+000	-4,72379E-002	-2,99869E-001	0,00000E+000	1,40800E+003	12	...........
	269	1350	4,72053E-001	-9,99933E-002	0,00000E+000	-4,72021E-002	-2,99869E-001	0,00000E+000	1,40796E+003	12	...........
	270	1355	4,71804E-001	-9,99935E-002	0,00000E+000	-4,71773E-002	-2,99869E-001	0,00000E+000	1,40800E+003	12	...........
	271	1360	4,71717E-001	-9,99936E-002	0,00000E+000	-4,71687E-002	-2,99869E-001	0,00000E+000	1,40800E+003	12	...........
	272	1365	4,71762E-001	-9,99933E-002	0,00000E+000	-4,71731E-002	-2,99869E-001	0,00000E+000	1,40800E+003	12	...........
	273	1370	4,71620E-001	-9,99934E-002	0,00000E+000	-4,71589E-002	-2,99869E-001	0,00000E+000	1,40797E+003	12	...........
	274	1375	4,71454E-001	-9,99928E-002	0,00000E+000	-4,71420E-002	-2,99869E-001	0,00000E+000	1,40800E+003	12	...........
	275	1380	4,71198E-001	-9,99928E-002	0,00000E+000	-4,71164E-002	-2,99869E-001	0,00000E+000	1,40800E+003	12	...........
	276	1385	4,70929E-001	-9,99926E-002	0,00000E+000	-4,70894E-002	-2,99869E-001	0,00000E+000	1,40800E+003	12	...........
	277	1390	4,70756E-001	-9,99929E-002	0,00000E+000	-4,70722E-002	-2,99869E-001	0,00000E+000	1,40797E+003	12	...........
	278	1395	4,70789E-001	-9,99926E-002	0,00000E+000	-4,70754E-002	-2,99869E-001	0,00000E+000	1,40798E+003	12	...........
	279	1400	4,70688E-001	-9,99934E-002	0,00000E+000	-4,70657E-002	-2,99869E-001	0,00000E+000	1,40797E+003	12	...........
	280	1405	4,70490E-001	-9,99930E-002	0,00000E+000	-4,70457E-002	-2,99869E-001	0,00000E+000	1,40799E+003	12	...........
	281	1410	4,70190E-001	-9,99930E-002	0,00000E+000	-4,70157E-002	-2,99869E-001	0,00000E+000	1,40797E+003	12	...........
	282	1415	4,70035E-001	-9,99924E-002	0,00000E+000	-4,69999E-002	-2,99869E-001	0,00000E+000	1,40800E+003	12	...........
	283	1420	4,69739E-001	-9,99931E-002	0,00000E+000	-4,69707E-002	-2,99869E-001	0,00000E+000	1,40799E+003	12	...........
	284	1425	4,69895E-001	-9,99928E-002	0,00000E+000	-4,69861E-002	-2,99869E-001	0,00000E+000	1,40796E+003	12	...........
	285	1430	4,69843E-001	-9,99930E-002	0,00000E+000	-4,69810E-002	-2,99869E-001	0,00000E+000	1,40800E+003	12	...........
	286	1435	4,69521E-001	-9,99936E-002	0,00000E+000	-4,69491E-002	-2,99869E-001	0,00000E+000	1,40797E+003	12	...........
	287	1440	4,69387E-001	-9,99930E-002	0,00000E+000	-4,69354E-002	-2,99869E-001	0,00000E+000	1,40799E+003	12	...........
	288	1445	4,69065E-001	-9,99932E-002	0,00000E+000	-4,69033E-002	-2,99869E-001	0,00000E+000	1,40797E+003	12	...........
	289	1450	4,68939E-001	-9,99936E-002	0,00000E+000	-4,68909E-002	-2,99869E-001	0,00000E+000	1,40797E+003	12	...........
	290	1455	4,68989E-001	-9,99935E-002	0,00000E+000	-4,68959E-002	-2,99869E-001	0,00000E+000	1,40797E+003	12	...........
	291	1460	4,68931E-001	-9,99937E-002	0,00000E+000	-4,68902E-002	-2,99869E-001	0,00000E+000	1,40798E+003	12	...........
	292	1465	4,68669E-001	-9,99934E-002	0,00000E+000	-4,68638E-002	-2,99869E-001	0,00000E+000	1,40799E+003	12	...........
	293	1470	4,68339E-001	-9,99931E-002	0,00000E+000	-4,68307E-002	-2,99869E-001	0,00000E+000	1,40800E+003	12	...........
	294	1475	4,68221E-001	-9,99928E-002	0,00000E+000	-4,68188E-002	-2,99869E-001	0,00000E+000	1,40800E+003	12	...........
	295	1480	4,68119E-001	-9,99929E-002	0,00000E+000	-4,68085E-002	-2,99869E-001	0,00000E+000	1,40800E+003	12	...........
	296	1485	4,68164E-001	-9,99934E-002	0,00000E+000	-4,68133E-002	-2,99869E-001	0,00000E+000	1,40797E+003	12	...........
	297	1490	4,67963E-001	-9,99924E-002	0,00000E+000	-4,67928E-002	-2,99869E-001	0,00000E+000	1,40800E+003	12	...........
	298	1495	4,67787E-001	-9,99936E-002	0,00000E+000	-4,67757E-002	-2,99869E-001	0,00000E+000	1,40800E+003	12	...........
	299	1500	4,67525E-001	-9,99936E-002	0,00000E+000	-4,67496E-002	-2,99869E-001	0,00000E+000	1,40800E+003	12	...........
	300	1505	4,67283E-001	-9,99929E-002	0,00000E+000	-4,67250E-002	-2,99869E-001	0,00000E+000	1,40795E+003	12	...........
	301	1510	4,67111E-001	-9,99937E-002	0,00000E+000	-4,67081E-002	-2,99869E-001	0,00000E+000	1,40799E+003	12	...........
	302	1515	4,67200E-001	-9,99936E-002	0,00000E+000	-4,67170E-002	-2,99869E-001	0,00000E+000	1,40800E+003	12	...........
	303	1520	4,67200E-001	-9,99929E-002	0,00000E+000	-4,67167E-002	-2,99869E-001	0,00000E+000	1,40800E+003	12	...........
	304	1525	4,66811E-001	-9,99938E-002	0,00000E+000	-4,66782E-002	-2,99869E-001	0,00000E+000	1,40799E+003	12	...........
	305	1530	4,66509E-001	-9,99929E-002	0,00000E+000	-4,66476E-002	-2,99869E-001	0,00000E+000	1,40797E+003	12	...........
	306	1535	4,66306E-001	-9,99937E-002	0,00000E+000	-4,66276E-002	-2,99869E-001	0,00000E+000	1,40797E+003	12	...........
	307	1540	4,66135E-001	-9,99932E-002	0,00000E+000	-4,66103E-002	-2,99869E-001	0,00000E+000	1,40796E+003	12	...........
	308	1545	4,66196E-001	-9,99932E-002	0,00000E+000	-4,66164E-002	-2,99869E-001	0,00000E+000	1,40800E+003	12	...........
	309	1550	4,66116E-001	-9,99929E-002	0,00000E+000	-4,66083E-002	-2,99869E-001	0,00000E+000	1,40795E+003	12	...........
	310	1555	4,65923E-001	-9,99931E-002	0,00000E+000	-4,65891E-002	-2,99869E-001	0,00000E+000	1,40797E+003	12	...........
	311	1560	4,65646E-001	-9,99930E-002	0,00000E+000	-4,65613E-002	-2,99869E-001	0,00000E+000	1,40795E+003	12	...........
	312	1565	4,65350E-001	-9,99935E-002	0,00000E+000	-4,65320E-002	-2,99869E-001	0,00000E+000	1,40800E+003	12	...........
	313	1570	4,65245E-001	-9,99931E-002	0,00000E+000	-4,65212E-002	-2,99869E-001	0,00000E+000	1,40800E+003	12	...........
	314	1575	4,65290E-001	-9,99927E-002	0,00000E+000	-4,65256E-002	-2,99869E-001	0,00000E+000	1,40796E+003	12	...........
	315	1580	4,65148E-001	-9,99925E-002	0,00000E+000	-4,65113E-002	-2,99869E-001	0,00000E+000	1,40796E+003	12	...........
	316	1585	4,64917E-001	-9,99931E-002	0,00000E+000	-4,64885E-002	-2,99869E-001	0,00000E+000	1,40795E+003	12	...........
	317	1590	4,64707E-001	-9,99927E-002	0,00000E+000	-4,64674E-002	-2,99869E-001	0,00000E+000	1,40797E+003	12	...........
	318	1595	4,64402E-001	-9,99927E-002	0,00000E+000	-4,64368E-002	-2,99869E-001	0,00000E+000	1,40795E+003	12	...........
	319	1600	4,64204E-001	-9,99929E-002	0,00000E+000	-4,64171E-002	-2,99869E-001	0,00000E+000	1,40795E+003	12	...........
	320	1605	4,64295E-001	-9,99935E-002	0,00000E+000	-4,64265E-002	-2,99869E-001	0,00000E+000	1,40797E+003	12	...........
	321	1610	4,64180E-001	-9,99933E-002	0,00000E+000	-4,64148E-002	-2,99869E-001	0,00000E+000	1,40798E+003	12	...........
	322	1615	4,63992E-001	-9,99930E-002	0,00000E+000	-4,63960E-002	-2,99869E-001	0,00000E+000	1,40798E+003	12	...........
	323	1620	4,63768E-001	-9,99924E-002	0,00000E+000	-4,63733E-002	-2,99869E-001	0,00000E+000	1,40797E+003	12	...........
	324	1625	4,63463E-001	-9,99928E-002	0,00000E+000	-4,63430E-002	-2,99869E-001	0,00000E+000	1,40800E+003	12	...........
	325	1630	4,63323E-001	-9,99930E-002	0,00000E+000	-4,63290E-002	-2,99869E-001	0,00000E+000	1,40796E+003	12	...........
	326	1635	4,63377E-001	-9,99933E-002	0,00000E+000	-4,63346E-002	-2,99869E-001	0,00000E+000	1,40796E+003	12	...........
	327	1640	4,63281E-001	-9,99931E-002	0,00000E+000	-4,63249E-002	-2,99869E-001	0,00000E+000	1,40800E+003	12	...........
	328	1645	4,63008E-001	-9,99920E-002	0,00000E+000	-4,62971E-002	-2,99869E-001	0,00000E+000	1,40797E+003	12	...........
	329	1650	4,62766E-001	-9,99926E-002	0,00000E+000	-4,62732E-002	-2,99869E-001	0,00000E+000	1,40798E+003	12	...........
	330	1655	4,62505E-001	-9,99925E-002	0,00000E+000	-4,62471E-002	-2,99869E-001	0,00000E+000	1,40797E+003	12	...........
	331	1660	4,62359E-001	-9,99926E-002	0,00000E+000	-4,62324E-002	-2,99869E-001	0,00000E+000	1,40797E+003	12	...........
	332	1665	4,62423E-001	-9,99925E-002	0,00000E+000	-4,62388E-002	-2,99869E-001	0,00000E+000	1,40797E+003	12	...........
	333	1670	4,62335E-001	-9,99921E-002	0,00000E+000	-4,62299E-002	-2,99869E-001	0,00000E+000	1,40797E+003	12	...........
	334	1675	4,62116E-001	-9,99931E-002	0,00000E+000	-4,62084E-002	-2,99869E-001	0,00000E+000	1,40798E+003	12	...........
	335	1680	4,61767E-001	-9,99919E-002	0,00000E+000	-4,61729E-002	-2,99869E-001	0,00000E+000	1,40797E+003	12	...........
	336	1685	4,61519E-001	-9,99926E-002	0,00000E+000	-4,61485E-002	-2,99869E-001	0,00000E+000	1,40800E+003	12	...........
	337	1690	4,61460E-001	-9,99934E-002	0,00000E+000	-4,61429E-002	-2,99869E-001	0,00000E+000	1,40800E+003	12	...........
	338	1695	4,61491E-001	-9,99920E-002	0,00000E+000	-4,61455E-002	-2,99869E-001	0,00000E+000	1,40798E+003	12	...........
	339	1700	4,61412E-001	-9,99928E-002	0,00000E+000	-4,61379E-002	-2,99869E-001	0,00000E+000	1,40795E+003	12	...........
	340	1705	4,61137E-001	-9,99927E-002	0,00000E+000	-4,61104E-002	-2,99869E-001	0,00000E+000	1,40797E+003	12	...........
	341	1710	4,60901E-001	-9,99933E-002	0,00000E+000	-4,60871E-002	-2,99869E-001	0,00000E+000	1,40796E+003	12	...........
	342	1715	4,60628E-001	-9,99927E-002	0,00000E+000	-4,60594E-002	-2,99869E-001	0,00000E+000	1,40795E+003	12	...........
	343	1720	4,60481E-001	-9,99926E-002	0,00000E+000	-4,60447E-002	-2,99869E-001	0,00000E+000	1,40796E+003	12	...........
	344	1725	4,60492E-001	-9,99929E-002	0,00000E+000	-4,60459E-002	-2,99869E-001	0,00000E+000	1,40800E+003	12	...........
	345	1730	4,60558E-001	-9,99931E-002	0,00000E+000	-4,60526E-002	-2,99869E-001	0,00000E+000	1,40797E+003	12	...........
	346	1735	4,60273E-001	-9,99935E-002	0,00000E+000	-4,60243E-002	-2,99869E-001	0,00000E+000	1,40796E+003	12	...........
	347	1740	4,59965E-001	-9,99933E-002	0,00000E+000	-4,59934E-002	-2,99869E-001	0,00000E+000	1,40800E+003	12	...........
	348	1745	4,59662E-001	-9,99930E-002	0,00000E+000	-4,59630E-002	-2,99869E-001	0,00000E+000	1,40798E+003	12	...........
	349	1750	4,59536E-001	-9,99928E-002	0,00000E+000	-4,59503E-002	-2,99869E-001	0,00000E+000	1,40796E+003	12	...........
	350	1755	4,59538E-001	-9,99932E-002	0,00000E+000	-4,59506E-002	-2,99869E-001	0,00000E+000	1,40799E+003	12	...........
	351	1760	4,59530E-001	-9,99928E-002	0,00000E+000	-4,59497E-002	-2,99869E-001	0,00000E+000	1,40798E+003	12	...........
	352	1765	4,59366E-001	-9,99934E-002	0,00000E+000	-4,59336E-002	-2,99869E-001	0,00000E+000	1,40798E+003	12	...........
	353	1770	4,59061E-001	-9,99930E-002	0,00000E+000	-4,59029E-002	-2,99869E-001	0,00000E+000	1,40797E+003	12	...........
	354	1775	4,58872E-001	-9,99927E-002	0,00000E+000	-4,58839E-002	-2,99869E-001	0,00000E+000	1,40796E+003	12	...........
	355	1780	4,58574E-001	-9,99931E-002	0,00000E+000	-4,58542E-002	-2,99869E-001	0,00000E+000	1,40797E+003	12	...........
	356	1785	4,58727E-001	-9,99931E-002	0,00000E+000	-4,58695E-002	-2,99869E-001	0,00000E+000	1,40797E+003	12	...........
	357	1790	4,58705E-001	-9,99925E-002	0,00000E+000	-4,58671E-002	-2,99869E-001	0,00000E+000	1,40800E+003	12	...........
	358	1795	4,58424E-001	-9,99926E-002	0,00000E+000	-4,58390E-002	-2,99869E-001	0,00000E+000	1,40796E+003	12	...........
	359	1800	4,58133E-001	-9,99926E-002	0,00000E+000	-4,58099E-002	-2,99869E-001	0,00000E+000	1,40797E+003	12	...........
	360	1805	4,57843E-001	-9,99926E-002	0,00000E+000	-4,57809E-002	-2,99869E-001	0,00000E+000	1,40799E+003	12	...........
	361	1810	4,57814E-001	-9,99923E-002	0,00000E+000	-4,57779E-002	-2,99869E-001	0,00000E+000	1,40797E+003	12	...........
	362	1815	4,57847E-001	-9,99924E-002	0,00000E+000	-4,57812E-002	-2,99869E-001	0,00000E+000	1,40800E+003	12	...........
	363	1820	4,57785E-001	-9,99931E-002	0,00000E+000	-4,57753E-002	-2,99869E-001	0,00000E+000	1,40798E+003	12	...........
	364	1825	4,57460E-001	-9,99924E-002	0,00000E+000	-4,57426E-002	-2,99869E-001	0,00000E+000	1,40795E+003	12	...........
	365	1830	4,57249E-001	-9,99923E-002	0,00000E+000	-4,57213E-002	-2,99869E-001	0,00000E+000	1,40798E+003	12	...........
	366	1835	4,56901E-001	-9,99924E-002	0,00000E+000	-4,56867E-002	-2,99869E-001	0,00000E+000	1,40798E+003	12	...........
	367	1840	4,56797E-001	-9,99928E-002	0,00000E+000	-4,56764E-002	-2,99869E-001	0,00000E+000	1,40795E+003	12	...........
	368	1845	4,56984E-001	-9,99926E-002	0,00000E+000	-4,56951E-002	-2,99869E-001	0,00000E+000	1,40800E+003	12	...........
	369	1850	4,56798E-001	-9,99929E-002	0,00000E+000	-4,56765E-002	-2,99869E-001	0,00000E+000	1,40800E+003	12	...........
	370	1855	4,56583E-001	-9,99927E-002	0,00000E+000	-4,56549E-002	-2,99869E-001	0,00000E+000	1,40800E+003	12	...........
	371	1860	4,56201E-001	-9,99927E-002	0,00000E+000	-4,56167E-002	-2,99869E-001	0,00000E+000	1,40797E+003	12	...........
	372	1865	4,55843E-001	-9,99922E-002	0,00000E+000	-4,55807E-002	-2,99869E-001	0,00000E+000	1,40800E+003	12	...........
	373	1870	4,55745E-001	-9,99929E-002	0,00000E+000	-4,55713E-002	-2,99869E-001	0,00000E+000	1,40800E+003	12	...........
	374	1875	4,55780E-001	-9,99927E-002	0,00000E+000	-4,55747E-002	-2,99869E-001	0,00000E+000	1,40798E+003	12	...........
	375	1880	4,55699E-001	-9,99926E-002	0,00000E+000	-4,55665E-002	-2,99869E-001	0,00000E+000	1,40796E+003	12	...........
	376	1885	4,55549E-001	-9,99927E-002	0,00000E+000	-4,55516E-002	-2,99869E-001	0,00000E+000	1,40800E+003	12	...........
	377	1890	4,55235E-001	-9,99925E-002	0,00000E+000	-4,55201E-002	-2,99869E-001	0,00000E+000	1,40800E+003	12	...........
	378	1895	4,54885E-001	-9,99922E-002	0,00000E+000	-4,54849E-002	-2,99869E-001	0,00000E+000	1,40800E+003	12	...........
	379	1900	4,54768E-001	-9,99922E-002	0,00000E+000	-4,54732E-002	-2,99869E-001	0,00000E+000	1,40800E+003	12	...........
	380	1905	4,54769E-001	-9,99926E-002	0,00000E+000	-4,54735E-002	-2,99869E-001	0,00000E+000	1,40800E+003	12	...........
	381	1910	4,54661E-001	-9,99930E-002	0,00000E+000	-4,54629E-002	-2,99869E-001	0,00000E+000	1,40796E+003	12	...........
	382	1915	4,54421E-001	-9,99920E-002	0,00000E+000	-4,54385E-002	-2,99869E-001	0,00000E+000	1,40797E+003	12	...........
	383	1920	4,54168E-001	-9,99926E-002	0,00000E+000	-4,54135E-002	-2,99869E-001	0,00000E+000	1,40797E+003	12	...........
	384	1925	4,53888E-001	-9,99933E-002	0,00000E+000	-4,53858E-002	-2,99869E-001	0,00000E+000	1,40797E+003	12	...........
	385	1930	4,53679E-001	-9,99929E-002	0,00000E+000	-4,53647E-002	-2,99869E-001	0,00000E+000	1,40800E+003	12	...........
	386	1935	4,53807E-001	-9,99928E-002	0,00000E+000	-4,53774E-002	-2,99869E-001	0,00000E+000	1,40800E+003	12	...........
	387	1940	4,53708E-001	-9,99929E-002	0,00000E+000	-4,53676E-002	-2,99869E-001	0,00000E+000	1,40800E+003	12	...........
	388	1945	4,53518E-001	-9,99925E-002	0,00000E+000	-4,53483E-002	-2,99869E-001	0,00000E+000	1,40796E+003	12	...........
	389	1950	4,53140E-001	-9,99932E-002	0,00000E+000	-4,53109E-002	-2,99869E-001	0,00000E+000	1,40800E+003	12	...........
	390	1955	4,52864E-001	-9,99931E-002	0,00000E+000	-4,52832E-002	-2,99869E-001	0,00000E+000	1,40800E+003	12	...........
	391	1960	4,52620E-001	-9,99927E-002	0,00000E+000	-4,52587E-002	-2,99869E-001	0,00000E+000	1,40797E+003	12	...........
	392	1965	4,52849E-001	-9,99937E-002	0,00000E+000	-4,52821E-002	-2,99869E-001	0,00000E+000	1,40800E+003	12	...........
	393	1970	4,52715E-001	-9,99927E-002	0,00000E+000	-4,52682E-002	-2,99869E-001	0,00000E+000	1,40800E+003	12	...........
	394	1975	4,52452E-001	-9,99931E-002	0,00000E+000	-4,52421E-002	-2,99869E-001	0,00000E+000	1,40800E+003	12	...........
	395	1980	4,52129E-001	-9,99930E-002	0,00000E+000	-4,52097E-002	-2,99869E-001	0,00000E+000	1,40800E+003	12	...........
	396	1985	4,51955E-001	-9,99924E-002	0,00000E+000	-4,51921E-002	-2,99869E-001	0,00000E+000	1,40800E+003	12	...........
	397	1990	4,51749E-001	-9,99930E-002	0,00000E+000	-4,51717E-002	-2,99869E-001	0,00000E+000	1,40797E+003	12	...........
	398	1995	4,51848E-001	-9,99928E-002	0,00000E+000	-4,51815E-002	-2,99869E-001	0,00000E+000	1,40800E+003	12	...........
	399	2000	4,51707E-001	-9,99937E-002	0,00000E+000	-4,51678E-002	-2,99869E-001	0,00000E+000	1,40800E+003	12	...........
	400	2005	4,51411E-001	-9,99931E-002	0,00000E+000	-4,51379E-002	-2,99869E-001	0,00000E+000	1,40800E+003	12	...........
	401	2010	4,51227E-001	-9,99931E-002	0,00000E+000	-4,51196E-002	-2,99869E-001	0,00000E+000	1,40800E+003	12	...........
	402	2015	4,50988E-001	-9,99923E-002	0,00000E+000	-4,50953E-002	-2,99869E-001	0,00000E+000	1,40800E+003	12	...........
	403	2020	4,50641E-001	-9,99930E-002	0,00000E+000	-4,50609E-002	-2,99869E-001	0,00000E+000	1,40798E+003	12	...........
	404	2025	4,50770E-001	-9,99934E-002	0,00000E+000	-4,50740E-002	-2,99869E-001	0,00000E+000	1,40800E+003	12	...........
	405	2030	4,50851E-001	-9,99932E-002	0,00000E+000	-4,50820E-002	-2,99869E-001	0,00000E+000	1,40796E+003	12	...........
	406	2035	4,50480E-001	-9,99933E-002	0,00000E+000	-4,50449E-002	-2,99869E-001	0,00000E+000	1,40797E+003	12	...........
	407	2040	4,50122E-001	-9,99930E-002	0,00000E+000	-4,50091E-002	-2,99869E-001	0,00000E+000	1,40799E+003	12	...........
	408	2045	4,49770E-001	-9,99923E-002	0,00000E+000	-4,49735E-002	-2,99869E-001	0,00000E+000	1,40800E+003	12	...........
	409	2050	4,49585E-001	-9,99930E-002	0,00000E+000	-4,49554E-002	-2,99869E-001	0,00000E+000	1,40800E+003	12	...........
	410	2055	4,49680E-001	-9,99932E-002	0,00000E+000	-4,49649E-002	-2,99869E-001	0,00000E+000	1,40799E+003	12	...........
	411	2060	4,49953E-001	-9,99937E-002	0,00000E+000	-4,49925E-002	-2,99869E-001	0,00000E+000	1,40800E+003	12	...........
	412	2065	4,49387E-001	-9,99936E-002	0,00000E+000	-4,49358E-002	-2,99869E-001	0,00000E+000	1,40797E+003	12	...........
	413	2070	4,49073E-001	-9,99938E-002	0,00000E+000	-4,49045E-002	-2,99869E-001	0,00000E+000	1,40800E+003	12	...........
	414	2075	4,48747E-001	-9,99938E-002	0,00000E+000	-4,48719E-002	-2,99869E-001	0,00000E+000	1,40796E+003	12	...........
	415	2080	4,48527E-001	-9,99930E-002	0,00000E+000	-4,48496E-002	-2,99869E-001	0,00000E+000	1,40798E+003	12	...........
	416	2085	4,48584E-001	-9,99931E-002	0,00000E+000	-4,48553E-002	-2,99869E-001	0,00000E+000	1,40800E+003	12	...........
	417	2090	4,48685E-001	-9,99925E-002	0,00000E+000	-4,48651E-002	-2,99869E-001	0,00000E+000	1,40800E+003	12	...........
	418	2095	4,48440E-001	-9,99929E-002	0,00000E+000	-4,48408E-002	-2,99869E-001	0,00000E+000	1,40800E+003	12	...........
	419	2100	4,48086E-001	-9,99924E-002	0,00000E+000	-4,48052E-002	-2,99869E-001	0,00000E+000	1,40797E+003	12	...........
	420	2105	4,47776E-001	-9,99934E-002	0,00000E+000	-4,47746E-002	-2,99869E-001	0,00000E+000	1,40799E+003	12	...........
	421	2110	4,47450E-001	-9,99928E-002	0,00000E+000	-4,47418E-002	-2,99869E-001	0,00000E+000	1,40797E+003	12	...........
	422	2115	4,47649E-001	-9,99929E-002	0,00000E+000	-4,47617E-002	-2,99869E-001	0,00000E+000	1,40800E+003	12	...........
	423	2120	4,47668E-001	-9,99926E-002	0,00000E+000	-4,47634E-002	-2,99869E-001	0,00000E+000	1,40800E+003	12	...........
	424	2125	4,47369E-001	-9,99933E-002	0,00000E+000	-4,47339E-002	-2,99869E-001	0,00000E+000	1,40797E+003	12	...........
	425	2130	4,47100E-001	-9,99927E-002	0,00000E+000	-4,47067E-002	-2,99869E-001	0,00000E+000	1,40797E+003	12	...........
	426	2135	4,46732E-001	-9,99925E-002	0,00000E+000	-4,46698E-002	-2,99869E-001	0,00000E+000	1,40798E+003	12	...........
	427	2140	4,46578E-001	-9,99927E-002	0,00000E+000	-4,46545E-002	-2,99869E-001	0,00000E+000	1,40800E+003	12	...........
	428	2145	4,46634E-001	-9,99933E-002	0,00000E+000	-4,46604E-002	-2,99869E-001	0,00000E+000	1,40797E+003	12	...........
	429	2150	4,46498E-001	-9,99924E-002	0,00000E+000	-4,46464E-002	-2,99869E-001	0,00000E+000	1,40800E+003	12	...........
	430	2155	4,46177E-001	-9,99928E-002	0,00000E+000	-4,46145E-002	-2,99869E-001	0,00000E+000	1,40800E+003	12	...........
	431	2160	4,45867E-001	-9,99933E-002	0,00000E+000	-4,45838E-002	-2,99869E-001	0,00000E+000	1,40800E+003	12	...........
	432	2165	4,45591E-001	-9,99934E-002	0,00000E+000	-4,45562E-002	-2,99869E-001	0,00000E+000	1,40795E+003	12	...........
	433	2170	4,45327E-001	-9,99933E-002	0,00000E+000	-4,45297E-002	-2,99869E-001	0,00000E+000	1,40795E+003	12	...........
	434	2175	4,45524E-001	-9,99932E-002	0,00000E+000	-4,45494E-002	-2,99869E-001	0,00000E+000	1,40796E+003	12	...........
	435	2180	4,45560E-001	-9,99932E-002	0,00000E+000	-4,45530E-002	-2,99869E-001	0,00000E+000	1,40798E+003	12	...........
	436	2185	4,45038E-001	-9,99927E-002	0,00000E+000	-4,45006E-002	-2,99869E-001	0,00000E+000	1,40800E+003	12	...........
	437	2190	4,45061E-001	-9,99934E-002	0,00000E+000	-4,45031E-002	-2,99869E-001	0,00000E+000	1,40797E+003	12	...........
	438	2195	4,44423E-001	-9,99937E-002	0,00000E+000	-4,44395E-002	-2,99869E-001	0,00000E+000	1,40795E+003	12	...........
	439	2200	4,44102E-001	-9,99931E-002	0,00000E+000	-4,44071E-002	-2,99869E-001	0,00000E+000	1,40797E+003	12	...........
	440	2205	4,44116E-001	-9,99930E-002	0,00000E+000	-4,44085E-002	-2,99869E-001	0,00000E+000	1,40797E+003	12	...........
	441	2210	4,44188E-001	-9,99932E-002	0,00000E+000	-4,44158E-002	-2,99869E-001	0,00000E+000	1,40800E+003	12	...........
	442	2215	4,43998E-001	-9,99931E-002	0,00000E+000	-4,43968E-002	-2,99869E-001	0,00000E+000	1,40799E+003	12	...........
	443	2220	4,43560E-001	-9,99932E-002	0,00000E+000	-4,43530E-002	-2,99869E-001	0,00000E+000	1,40797E+003	12	...........
	444	2225	4,43143E-001	-9,99934E-002	0,00000E+000	-4,43113E-002	-2,99869E-001	0,00000E+000	1,40797E+003	12	...........
	445	2230	4,42814E-001	-9,99932E-002	0,00000E+000	-4,42784E-002	-2,99869E-001	0,00000E+000	1,40800E+003	12	...........
	446	2235	4,42961E-001	-9,99942E-002	0,00000E+000	-4,42935E-002	-2,99869E-001	0,00000E+000	1,40796E+003	12	...........
	447	2240	4,42978E-001	-9,99933E-002	0,00000E+000	-4,42948E-002	-2,99869E-001	0,00000E+000	1,40798E+003	12	...........
	448	2245	4,42739E-001	-9,99933E-002	0,00000E+000	-4,42710E-002	-2,99869E-001	0,00000E+000	1,40797E+003	12	...........
	449	2250	4,42270E-001	-9,99935E-002	0,00000E+000	-4,42241E-002	-2,99869E-001	0,00000E+000	1,40797E+003	12	...........
	450	2255	4,41900E-001	-9,99931E-002	0,00000E+000	-4,41869E-002	-2,99869E-001	0,00000E+000	1,40797E+003	12	...........
	451	2260	4,41625E-001	-9,99933E-002	0,00000E+000	-4,41595E-002	-2,99869E-001	0,00000E+000	1,40797E+003	12	...........
	452	2265	4,41754E-001	-9,99936E-002	0,00000E+000	-4,41725E-002	-2,99869E-001	0,00000E+000	1,40800E+003	12	...........
	453	2270	4,41787E-001	-9,99936E-002	0,00000E+000	-4,41759E-002	-2,99869E-001	0,00000E+000	1,40796E+003	12	...........
	454	2275	4,41433E-001	-9,99938E-002	0,00000E+000	-4,41405E-002	-2,99869E-001	0,00000E+000	1,40795E+003	12	...........
	455	2280	4,41082E-001	-9,99929E-002	0,00000E+000	-4,41050E-002	-2,99869E-001	0,00000E+000	1,40795E+003	12	...........
	456	2285	4,40811E-001	-9,99933E-002	0,00000E+000	-4,40781E-002	-2,99869E-001	0,00000E+000	1,40797E+003	12	...........
	457	2290	4,40325E-001	-9,99938E-002	0,00000E+000	-4,40298E-002	-2,99869E-001	0,00000E+000	1,40797E+003	12	...........
	458	2295	4,40480E-001	-9,99936E-002	0,00000E+000	-4,40452E-002	-2,99869E-001	0,00000E+000	1,40795E+003	12	...........
	459	2300	4,40596E-001	-9,99930E-002	0,00000E+000	-4,40565E-002	-2,99869E-001	0,00000E+000	1,40795E+003	12	...........
	460	2305	4,40320E-001	-9,99933E-002	0,00000E+000	-4,40291E-002	-2,99869E-001	0,00000E+000	1,40797E+003	12	...........
	461	2310	4,39952E-001	-9,99935E-002	0,00000E+000	-4,39924E-002	-2,99869E-001	0,00000E+000	1,40796E+003	12	...........
	462	2315	4,39503E-001	-9,99930E-002	0,00000E+000	-4,39472E-002	-2,99869E-001	0,00000E+000	1,40795E+003	12	...........
	463	2320	4,39129E-001	-9,99933E-002	0,00000E+000	-4,39100E-002	-2,99869E-001	0,00000E+000	1,40798E+003	12	...........
	464	2325	4,39218E-001	-9,99931E-002	0,00000E+000	-4,39188E-002	-2,99869E-001	0,00000E+000	1,40796E+003	12	...........
	465	2330	4,39268E-001	-9,99943E-002	0,00000E+000	-4,39242E-002	-2,99869E-001	0,00000E+000	1,40795E+003	12	...........
	466	2335	4,39179E-001	-9,99937E-002	0,00000E+000	-4,39151E-002	-2,99869E-001	0,00000E+000	1,40795E+003	12	...........
	467	2340	4,38711E-001	-9,99935E-002	0,00000E+000	-4,38683E-002	-2,99869E-001	0,00000E+000	1,40795E+003	12	...........
	468	2345	4,38271E-001	-9,99944E-002	0,00000E+000	-4,38246E-002	-2,99869E-001	0,00000E+000	1,40795E+003	12	...........
	469	2350	4,37936E-001	-9,99939E-002	0,00000E+000	-4,37909E-002	-2,99869E-001	0,00000E+000	1,40795E+003	12	...........
	470	2355	4,38032E-001	-9,99943E-002	0,00000E+000	-4,38007E-002	-2,99869E-001	0,00000E+000	1,40795E+003	12	...........
	471	2360	4,37900E-001	-9,99934E-002	0,00000E+000	-4,37871E-002	-2,99869E-001	0,00000E+000	1,40795E+003	12	...........
	472	2365	4,37628E-001	-9,99934E-002	0,00000E+000	-4,37599E-002	-2,99869E-001	0,00000E+000	1,40797E+003	12	...........
	473	2370	4,37422E-001	-9,99938E-002	0,00000E+000	-4,37395E-002	-2,99869E-001	0,00000E+000	1,40795E+003	12	...........
	474	2375	4,36815E-001	-9,99935E-002	0,00000E+000	-4,36786E-002	-2,99869E-001	0,00000E+000	1,40795E+003	12	...........
	475	2380	4,36429E-001	-9,99941E-002	0,00000E+000	-4,36403E-002	-2,99869E-001	0,00000E+000	1,40795E+003	12	...........
	476	2385	4,36746E-001	-9,99942E-002	0,00000E+000	-4,36720E-002	-2,99869E-001	0,00000E+000	1,40795E+003	12	...........
	477	2390	4,36662E-001	-9,99937E-002	0,00000E+000	-4,36635E-002	-2,99869E-001	0,00000E+000	1,40796E+003	12	...........
	478	2395	4,36099E-001	-9,99936E-002	0,00000E+000	-4,36072E-002	-2,99869E-001	0,00000E+000	1,40797E+003	12	...........
	479	2400	4,35819E-001	-9,99941E-002	0,00000E+000	-4,35793E-002	-2,99869E-001	0,00000E+000	1,40797E+003	12	...........
	480	2405	4,35476E-001	-9,99933E-002	0,00000E+000	-4,35447E-002	-2,99869E-001	0,00000E+000	1,40797E+003	12	...........
	481	2410	4,35182E-001	-9,99935E-002	0,00000E+000	-4,35154E-002	-2,99869E-001	0,00000E+000	1,40797E+003	12	...........
	482	2415	4,35542E-001	-9,99935E-002	0,00000E+000	-4,35514E-002	-2,99869E-001	0,00000E+000	1,40797E+003	12	...........
	483	2420	4,35422E-001	-9,99936E-002	0,00000E+000	-4,35395E-002	-2,99869E-001	0,00000E+000	1,40800E+003	12	...........
	484	2425	4,34970E-001	-9,99927E-002	0,00000E+000	-4,34938E-002	-2,99869E-001	0,00000E+000	1,40797E+003	12	...........
	485	2430	4,34609E-001	-9,99939E-002	0,00000E+000	-4,34582E-002	-2,99869E-001	0,00000E+000	1,40796E+003	12	...........
	486	2435	4,33964E-001	-9,99930E-002	0,00000E+000	-4,33934E-002	-2,99869E-001	0,00000E+000	1,40797E+003	12	...........
	487	2440	4,33692E-001	-9,99937E-002	0,00000E+000	-4,33664E-002	-2,99869E-001	0,00000E+000	1,40796E+003	12	...........
	488	2445	4,34175E-001	-9,99929E-002	0,00000E+000	-4,34145E-002	-2,99869E-001	0,00000E+000	1,40797E+003	12	...........
	489	2450	4,33902E-001	-9,99938E-002	0,00000E+000	-4,33875E-002	-2,99869E-001	0,00000E+000	1,40795E+003	12	...........
	490	2455	4,33482E-001	-9,99935E-002	0,00000E+000	-4,33454E-002	-2,99869E-001	0,00000E+000	1,40796E+003	12	...........
	491	2460	4,33049E-001	-9,99936E-002	0,00000E+000	-4,33021E-002	-2,99869E-001	0,00000E+000	1,40795E+003	12	...........
	492	2465	4,32498E-001	-9,99935E-002	0,00000E+000	-4,32470E-002	-2,99869E-001	0,00000E+000	1,40795E+003	12	...........
	493	2470	4,32287E-001	-9,99934E-002	0,00000E+000	-4,32258E-002	-2,99869E-001	0,00000E+000	1,40797E+003	12	...........
	494	2475	4,32385E-001	-9,99940E-002	0,00000E+000	-4,32359E-002	-2,99869E-001	0,00000E+000	1,40795E+003	12	...........
	495	2480	4,32178E-001	-9,99936E-002	0,00000E+000	-4,32150E-002	-2,99869E-001	0,00000E+000	1,40795E+003	12	...........
	496	2485	4,31635E-001	-9,99939E-002	0,00000E+000	-4,31609E-002	-2,99869E-001	0,00000E+000	1,40795E+003	12	...........
	497	2490	4,31206E-001	-9,99932E-002	0,00000E+000	-4,31177E-002	-2,99869E-001	0,00000E+000	1,40795E+003	12	...........
	498	2495	4,30969E-001	-9,99939E-002	0,00000E+000	-4,30943E-002	-2,99869E-001	0,00000E+000	1,40795E+003	12	...........
	499	2500	4,30402E-001	-9,99941E-002	0,00000E+000	-4,30377E-002	-2,99869E-001	0,00000E+000	1,40795E+003	12	...........
	500	2505	4,30553E-001	-9,99940E-002	0,00000E+000	-4,30527E-002	-2,99869E-001	0,00000E+000	1,40797E+003	12	...........
	501	2510	4,30481E-001	-9,99939E-002	0,00000E+000	-4,30455E-002	-2,99869E-001	0,00000E+000	1,40795E+003	12	...........
	502	2515	4,30045E-001	-9,99941E-002	0,00000E+000	-4,30019E-002	-2,99869E-001	0,00000E+000	1,40795E+003	12	...........
	503	2520	4,29564E-001	-9,99941E-002	0,00000E+000	-4,29539E-002	-2,99869E-001	0,00000E+000	1,40795E+003	12	...........
	504	2525	4,28865E-001	-9,99944E-002	0,00000E+000	-4,28841E-002	-2,99869E-001	0,00000E+000	1,40797E+003	12	...........
	505	2530	4,28472E-001	-9,99947E-002	0,00000E+000	-4,28449E-002	-2,99869E-001	0,00000E+000	1,40795E+003	12	...........
	506	2535	4,28976E-001	-9,99941E-002	0,00000E+000	-4,28951E-002	-2,99869E-001	0,00000E+000	1,40795E+003	12	...........
	507	2540	4,28884E-001	-9,99949E-002	0,00000E+000	-4,28862E-002	-2,99869E-001	0,00000E+000	1,40795E+003	12	...........
	508	2545	4,28485E-001	-9,99945E-002	0,00000E+000	-4,28461E-002	-2,99869E-001	0,00000E+000	1,40795E+003	12	...........
	509	2550	4,28004E-001	-9,99940E-002	0,00000E+000	-4,27978E-002	-2,99869E-001	0,00000E+000	1,40795E+003	12	...........
	510	2555	4,27290E-001	-9,99934E-002	0,00000E+000	-4,27262E-002	-2,99869E-001	0,00000E+000	1,40795E+003	12	...........
	511	2560	4,27022E-001	-9,99944E-002	0,00000E+000	-4,26998E-002	-2,99869E-001	0,00000E+000	1,40797E+003	12	...........
	512	2565	4,27069E-001	-9,99943E-002	0,00000E+000	-4,27045E-002	-2,99869E-001	0,00000E+000	1,40795E+003	12	...........
	513	2570	4,27084E-001	-9,99930E-002	0,00000E+000	-4,27054E-002	-2,99869E-001	0,00000E+000	1,40795E+003	12	...........
	514	2575	4,26807E-001	-9,99935E-002	0,00000E+000	-4,26779E-002	-2,99869E-001	0,00000E+000	1,40795E+003	12	...........
	515	2580	4,26387E-001	-9,99936E-002	0,00000E+000	-4,26359E-002	-2,99869E-001	0,00000E+000	1,40795E+003	12	...........
	516	2585	4,25605E-001	-9,99932E-002	0,00000E+000	-4,25576E-002	-2,99869E-001	0,00000E+000	1,40795E+003	12	...........
	517	2590	4,25057E-001	-9,99933E-002	0,00000E+000	-4,25028E-002	-2,99869E-001	0,00000E+000	1,40795E+003	12	...........
	518	2595	4,25317E-001	-9,99939E-002	0,00000E+000	-4,25291E-002	-2,99869E-001	0,00000E+000	1,40795E+003	12	...........
	519	2600	4,25276E-001	-9,99937E-002	0,00000E+000	-4,25250E-002	-2,99869E-001	0,00000E+000	1,40795E+003	12	...........
	520	2605	4,24713E-001	-9,99935E-002	0,00000E+000	-4,24685E-002	-2,99869E-001	0,00000E+000	1,40795E+003	12	...........
	521	2610	4,24287E-001	-9,99939E-002	0,00000E+000	-4,24261E-002	-2,99869E-001	0,00000E+000	1,40795E+003	12	...........
	522	2615	4,23676E-001	-9,99935E-002	0,00000E+000	-4,23649E-002	-2,99869E-001	0,00000E+000	1,40795E+003	12	...........
	523	2620	4,23087E-001	-9,99937E-002	0,00000E+000	-4,23060E-002	-2,99869E-001	0,00000E+000	1,40795E+003	12	...........
	524	2625	4,23340E-001	-9,99940E-002	0,00000E+000	-4,23315E-002	-2,99869E-001	0,00000E+000	1,40795E+003	12	...........
	525	2630	4,23440E-001	-9,99935E-002	0,00000E+000	-4,23413E-002	-2,99869E-001	0,00000E+000	1,40795E+003	12	...........
	526	2635	4,22961E-001	-9,99937E-002	0,00000E+000	-4,22935E-002	-2,99869E-001	0,00000E+000	1,40795E+003	12	...........
	527	2640	4,22489E-001	-9,99938E-002	0,00000E+000	-4,22463E-002	-2,99869E-001	0,00000E+000	1,40797E+003	12	...........
	528	2645	4,21826E-001	-9,99936E-002	0,00000E+000	-4,21799E-002	-2,99869E-001	0,00000E+000	1,40795E+003	12	...........
	529	2650	4,21188E-001	-9,99940E-002	0,00000E+000	-4,21163E-002	-2,99869E-001	0,00000E+000	1,40795E+003	12	...........
	530	2655	4,21563E-001	-9,99936E-002	0,00000E+000	-4,21536E-002	-2,99869E-001	0,00000E+000	1,40795E+003	12	...........
	531	2660	4,21469E-001	-9,99940E-002	0,00000E+000	-4,21443E-002	-2,99869E-001	0,00000E+000	1,40795E+003	12	...........
	532	2665	4,20985E-001	-9,99940E-002	0,00000E+000	-4,20960E-002	-2,99869E-001	0,00000E+000	1,40797E+003	12	...........
	533	2670	4,20533E-001	-9,99939E-002	0,00000E+000	-4,20507E-002	-2,99869E-001	0,00000E+000	1,40795E+003	12	...........
	534	2675	4,19826E-001	-9,99939E-002	0,00000E+000	-4,19800E-002	-2,99869E-001	0,00000E+000	1,40795E+003	12	...........
	535	2680	4,19558E-001	-9,99938E-002	0,00000E+000	-4,19532E-002	-2,99869E-001	0,00000E+000	1,40795E+003	12	...........
	536	2685	4,19297E-001	-9,99941E-002	0,00000E+000	-4,19272E-002	-2,99869E-001	0,00000E+000	1,40796E+003	12	...........
	537	2690	4,19305E-001	-9,99938E-002	0,00000E+000	-4,19279E-002	-2,99869E-001	0,00000E+000	1,40795E+003	12	...........
	538	2695	4,18925E-001	-9,99935E-002	0,00000E+000	-4,18898E-002	-2,99869E-001	0,00000E+000	1,40795E+003	12	...........
	539	2700	4,18188E-001	-9,99936E-002	0,00000E+000	-4,18162E-002	-2,99869E-001	0,00000E+000	1,40795E+003	12	...........
	540	2705	4,17606E-001	-9,99937E-002	0,00000E+000	-4,17580E-002	-2,99869E-001	0,00000E+000	1,40795E+003	12	...........
	541	2710	4,17269E-001	-9,99936E-002	0,00000E+000	-4,17242E-002	-2,99869E-001	0,00000E+000	1,40795E+003	12	...........
	542	2715	4,17325E-001	-9,99927E-002	0,00000E+000	-4,17295E-002	-2,99869E-001	0,00000E+000	1,40795E+003	12	...........
	543	2720	4,17031E-001	-9,99936E-002	0,00000E+000	-4,17004E-002	-2,99869E-001	0,00000E+000	1,40795E+003	12	...........
	544	2725	4,16611E-001	-9,99935E-002	0,00000E+000	-4,16584E-002	-2,99869E-001	0,00000E+000	1,40795E+003	12	...........
	545	2730	4,16160E-001	-9,99931E-002	0,00000E+000	-4,16132E-002	-2,99869E-001	0,00000E+000	1,40795E+003	12	...........
	546	2735	4,15701E-001	-9,99942E-002	0,00000E+000	-4,15677E-002	-2,99869E-001	0,00000E+000	1,40795E+003	12	...........
	547	2740	4,14911E-001	-9,99935E-002	0,00000E+000	-4,14884E-002	-2,99869E-001	0,00000E+000	1,40795E+003	12	...........
	548	2745	4,15058E-001	-9,99936E-002	0,00000E+000	-4,15031E-002	-2,99869E-001	0,00000E+000	1,40795E+003	12	...........
	549	2750	4,15373E-001	-9,99939E-002	0,00000E+000	-4,15348E-002	-2,99869E-001	0,00000E+000	1,40795E+003	12	...........
	550	2755	4,14467E-001	-9,99934E-002	0,00000E+000	-4,14440E-002	-2,99869E-001	0,00000E+000	1,40795E+003	12	...........
	551	2760	4,13702E-001	-9,99935E-002	0,00000E+000	-4,13675E-002	-2,99869E-001	0,00000E+000	1,40795E+003	12	...........
	552	2765	4,13168E-001	-9,99935E-002	0,00000E+000	-4,13141E-002	-2,99869E-001	0,00000E+000	1,40795E+003	12	...........
	553	2770	4,12716E-001	-9,99939E-002	0,00000E+000	-4,12690E-002	-2,99869E-001	0,00000E+000	1,40795E+003	12	...........
	554	2775	4,12814E-001	-9,99932E-002	0,00000E+000	-4,12786E-002	-2,99869E-001	0,00000E+000	1,40795E+003	12	...........
	555	2780	4,12779E-001	-9,99937E-002	0,00000E+000	-4,12753E-002	-2,99869E-001	0,00000E+000	1,40795E+003	12	...........
	556	2785	4,12111E-001	-9,99936E-002	0,00000E+000	-4,12084E-002	-2,99869E-001	0,00000E+000	1,40795E+003	12	...........
	557	2790	4,11209E-001	-9,99940E-002	0,00000E+000	-4,11184E-002	-2,99869E-001	0,00000E+000	1,40795E+003	12	...........
	558	2795	4,10609E-001	-9,99942E-002	0,00000E+000	-4,10585E-002	-2,99869E-001	0,00000E+000	1,40795E+003	12	...........
	559	2800	4,10110E-001	-9,99936E-002	0,00000E+000	-4,10083E-002	-2,99869E-001	0,00000E+000	1,40795E+003	12	...........
	560	2805	4,10361E-001	-9,99933E-002	0,00000E+000	-4,10333E-002	-2,99869E-001	0,00000E+000	1,40795E+003	12	...........
	561	2810	4,10497E-001	-9,99940E-002	0,00000E+000	-4,10472E-002	-2,99869E-001	0,00000E+000	1,40795E+003	12	...........
	562	2815	4,09696E-001	-9,99940E-002	0,00000E+000	-4,09672E-002	-2,99869E-001	0,00000E+000	1,40795E+003	12	...........
	563	2820	4,09038E-001	-9,99932E-002	0,00000E+000	-4,09011E-002	-2,99869E-001	0,00000E+000	1,40797E+003	12	...........
	564	2825	4,08231E-001	-9,99926E-002	0,00000E+000	-4,08201E-002	-2,99869E-001	0,00000E+000	1,40795E+003	12	...........
	565	2830	4,07408E-001	-9,99935E-002	0,00000E+000	-4,07381E-002	-2,99869E-001	0,00000E+000	1,40795E+003	12	...........
	566	2835	4,07458E-001	-9,99940E-002	0,00000E+000	-4,07434E-002	-2,99869E-001	0,00000E+000	1,40795E+003	12	...........
	567	2840	4,07648E-001	-9,99933E-002	0,00000E+000	-4,07621E-002	-2,99869E-001	0,00000E+000	1,40795E+003	12	...........
	568	2845	4,07242E-001	-9,99934E-002	0,00000E+000	-4,07215E-002	-2,99869E-001	0,00000E+000	1,40795E+003	12	...........
	569	2850	4,06599E-001	-9,99942E-002	0,00000E+000	-4,06575E-002	-2,99869E-001	0,00000E+000	1,40795E+003	12	...........
	570	2855	4,05381E-001	-9,99935E-002	0,00000E+000	-4,05355E-002	-2,99869E-001	0,00000E+000	1,40795E+003	12	...........
	571	2860	4,04622E-001	-9,99939E-002	0,00000E+000	-4,04597E-002	-2,99869E-001	0,00000E+000	1,40795E+003	12	...........
	572	2865	4,04891E-001	-9,99937E-002	0,00000E+000	-4,04865E-002	-2,99869E-001	0,00000E+000	1,40795E+003	12	...........
	573	2870	4,04459E-001	-9,99937E-002	0,00000E+000	-4,04433E-002	-2,99869E-001	0,00000E+000	1,40795E+003	12	...........
	574	2875	4,04025E-001	-9,99935E-002	0,00000E+000	-4,03999E-002	-2,99869E-001	0,00000E+000	1,40795E+003	12	...........
	575	2880	4,03633E-001	-9,99938E-002	0,00000E+000	-4,03609E-002	-2,99869E-001	0,00000E+000	1,40795E+003	12	...........
	576	2885	4,02652E-001	-9,99941E-002	0,00000E+000	-4,02629E-002	-2,99869E-001	0,00000E+000	1,40795E+003	12	...........
	577	2890	4,01680E-001	-9,99936E-002	0,00000E+000	-4,01654E-002	-2,99869E-001	0,00000E+000	1,40795E+003	12	...........
	578	2895	4,01660E-001	-9,99941E-002	0,00000E+000	-4,01636E-002	-2,99869E-001	0,00000E+000	1,40799E+003	12	...........
	579	2900	4,01939E-001	-9,99942E-002	0,00000E+000	-4,01916E-002	-2,99869E-001	0,00000E+000	1,40795E+003	12	...........
	580	2905	4,01332E-001	-9,99937E-002	0,00000E+000	-4,01306E-002	-2,99869E-001	0,00000E+000	1,40795E+003	12	...........
	581	2910	4,00876E-001	-9,99935E-002	0,00000E+000	-4,00850E-002	-2,99869E-001	0,00000E+000	1,40795E+003	12	...........
	582	2915	3,99337E-001	-9,99931E-002	0,00000E+000	-3,99309E-002	-2,99869E-001	0,00000E+000	1,40795E+003	12	...........
	583	2920	3,98537E-001	-9,99936E-002	0,00000E+000	-3,98511E-002	-2,99869E-001	0,00000E+000	1,40795E+003	12	...........
	584	2925	3,99059E-001	-9,99940E-002	0,00000E+000	-3,99035E-002	-2,99869E-001	0,00000E+000	1,40795E+003	12	...........
	585	2930	3,98901E-001	-9,99938E-002	0,00000E+000	-3,98876E-002	-2,99869E-001	0,00000E+000	1,40795E+003	12	...........
	586	2935	3,98116E-001	-9,99939E-002	0,00000E+000	-3,98091E-002	-2,99869E-001	0,00000E+000	1,40795E+003	12	...........
	587	2940	3,97473E-001	-9,99940E-002	0,00000E+000	-3,97449E-002	-2,99869E-001	0,00000E+000	1,40795E+003	12	...........
	588	2945	3,96473E-001	-9,99940E-002	0,00000E+000	-3,96449E-002	-2,99869E-001	0,00000E+000	1,40795E+003	12	...........
	589	2950	3,95660E-001	-9,99932E-002	0,00000E+000	-3,95633E-002	-2,99869E-001	0,00000E+000	1,40795E+003	12	...........
	590	2955	3,95894E-001	-9,99933E-002	0,00000E+000	-3,95867E-002	-2,99869E-001	0,00000E+000	1,40795E+003	12	...........
	591	2960	3,95940E-001	-9,99938E-002	0,00000E+000	-3,95915E-002	-2,99869E-001	0,00000E+000	1,40797E+003	12	...........
	592	2965	3,95452E-001	-9,99929E-002	0,00000E+000	-3,95424E-002	-2,99869E-001	0,00000E+000	1,40795E+003	12	...........
	593	2970	3,94443E-001	-9,99935E-002	0,00000E+000	-3,94418E-002	-2,99869E-001	0,00000E+000	1,40795E+003	12	...........
	594	2975	3,93474E-001	-9,99934E-002	0,00000E+000	-3,93449E-002	-2,99869E-001	0,00000E+000	1,40797E+003	12	...........
	595	2980	3,92668E-001	-9,99931E-002	0,00000E+000	-3,92641E-002	-2,99869E-001	0,00000E+000	1,40796E+003	12	...........
	596	2985	3,92723E-001	-9,99931E-002	0,00000E+000	-3,92695E-002	-2,99869E-001	0,00000E+000	1,40795E+003	12	...........
	597	2990	3,92604E-001	-9,99933E-002	0,00000E+000	-3,92577E-002	-2,99869E-001	0,00000E+000	1,40795E+003	12	...........
	598	2995	3,91904E-001	-9,99933E-002	0,00000E+000	-3,91878E-002	-2,99869E-001	0,00000E+000	1,40797E+003	12	...........
	599	3000	3,91112E-001	-9,99938E-002	0,00000E+000	-3,91088E-002	-2,99869E-001	0,00000E+000	1,40795E+003	12	...........
	600	3005	3,90190E-001	-9,99934E-002	0,00000E+000	-3,90164E-002	-2,99869E-001	0,00000E+000	1,40795E+003	12	...........
	601	3010	3,88749E-001	-9,99933E-002	0,00000E+000	-3,88724E-002	-2,99869E-001	0,00000E+000	1,40795E+003	12	...........
	602	3015	3,89158E-001	-9,99939E-002	0,00000E+000	-3,89134E-002	-2,99869E-001	0,00000E+000	1,40795E+003	12	...........
	603	3020	3,89141E-001	-9,99933E-002	0,00000E+000	-3,89115E-002	-2,99869E-001	0,00000E+000	1,40795E+003	12	...........
	604	3025	3,88492E-001	-9,99932E-002	0,00000E+000	-3,88466E-002	-2,99869E-001	0,00000E+000	1,40795E+003	12	...........
	605	3030	3,87648E-001	-9,99936E-002	0,00000E+000	-3,87623E-002	-2,99869E-001	0,00000E+000	1,40795E+003	12	...........
	606	3035	3,86450E-001	-9,99932E-002	0,00000E+000	-3,86424E-002	-2,99869E-001	0,00000E+000	1,40795E+003	12	...........
	607	3040	3,85580E-001	-9,99929E-002	0,00000E+000	-3,85552E-002	-2,99869E-001	0,00000E+000	1,40795E+003	12	...........
	608	3045	3,85576E-001	-9,99933E-002	0,00000E+000	-3,85550E-002	-2,99869E-001	0,00000E+000	1,40795E+003	12	...........
	609	3050	3,85609E-001	-9,99933E-002	0,00000E+000	-3,85583E-002	-2,99869E-001	0,00000E+000	1,40795E+003	12	...........
	610	3055	3,85296E-001	-9,99936E-002	0,00000E+000	-3,85271E-002	-2,99869E-001	0,00000E+000	1,40795E+003	12	...........
	611	3060	3,84146E-001	-9,99927E-002	0,00000E+000	-3,84118E-002	-2,99869E-001	0,00000E+000	1,40795E+003	12	...........
	612	3065	3,82783E-001	-9,99935E-002	0,00000E+000	-3,82758E-002	-2,99869E-001	0,00000E+000	1,40795E+003	12	...........
	613	3070	3,81929E-001	-9,99931E-002	0,00000E+000	-3,81903E-002	-2,99869E-001	0,00000E+000	1,40795E+003	12	...........
	614	3075	3,82245E-001	-9,99932E-002	0,00000E+000	-3,82219E-002	-2,99869E-001	0,00000E+000	1,40795E+003	12	...........
	615	3080	3,82486E-001	-9,99939E-002	0,00000E+000	-3,82463E-002	-2,99869E-001	0,00000E+000	1,40795E+003	12	...........
	616	3085	3,81355E-001	-9,99941E-002	0,00000E+000	-3,81333E-002	-2,99869E-001	0,00000E+000	1,40795E+003	12	...........
	617	3090	3,80421E-001	-9,99933E-002	0,00000E+000	-3,80395E-002	-2,99869E-001	0,00000E+000	1,40795E+003	12	...........
	618	3095	3,79219E-001	-9,99934E-002	0,00000E+000	-3,79194E-002	-2,99869E-001	0,00000E+000	1,40795E+003	12	...........
	619	3100	3,78331E-001	-9,99936E-002	0,00000E+000	-3,78307E-002	-2,99869E-001	0,00000E+000	1,40795E+003	12	...........
	620	3105	3,78227E-001	-9,99940E-002	0,00000E+000	-3,78205E-002	-2,99869E-001	0,00000E+000	1,40795E+003	12	...........
	621	3110	3,78402E-001	-9,99936E-002	0,00000E+000	-3,78378E-002	-2,99869E-001	0,00000E+000	1,40795E+003	12	...........
	622	3115	3,77670E-001	-9,99929E-002	0,00000E+000	-3,77643E-002	-2,99869E-001	0,00000E+000	1,40795E+003	12	...........
	623	3120	3,76557E-001	-9,99930E-002	0,00000E+000	-3,76531E-002	-2,99869E-001	0,00000E+000	1,40795E+003	12	...........
	624	3125	3,75412E-001	-9,99928E-002	0,00000E+000	-3,75385E-002	-2,99869E-001	0,00000E+000	1,40795E+003	12	...........
	625	3130	3,74785E-001	-9,99937E-002	0,00000E+000	-3,74762E-002	-2,99869E-001	0,00000E+000	1,40795E+003	12	...........
	626	3135	3,74210E-001	-9,99933E-002	0,00000E+000	-3,74185E-002	-2,99869E-001	0,00000E+000	1,40795E+003	12	...........
	627	3140	3,74336E-001	-9,99936E-002	0,00000E+000	-3,74312E-002	-2,99869E-001	0,00000E+000	1,40795E+003	12	...........
	628	3145	3,73590E-001	-9,99931E-002	0,00000E+000	-3,73564E-002	-2,99869E-001	0,00000E+000	1,40795E+003	12	...........
	629	3150	3,72406E-001	-9,99932E-002	0,00000E+000	-3,72381E-002	-2,99869E-001	0,00000E+000	1,40795E+003	12	...........
	630	3155	3,71219E-001	-9,99938E-002	0,00000E+000	-3,71196E-002	-2,99869E-001	0,00000E+000	1,40795E+003	12	...........
	631	3160	3,70249E-001	-9,99934E-002	0,00000E+000	-3,70225E-002	-2,99869E-001	0,00000E+000	1,40795E+003	12	...........
	632	3165	3,70278E-001	-9,99937E-002	0,00000E+000	-3,70255E-002	-2,99869E-001	0,00000E+000	1,40795E+003	12	...........
	633	3170	3,70274E-001	-9,99939E-002	0,00000E+000	-3,70252E-002	-2,99869E-001	0,00000E+000	1,40795E+003	12	...........
	634	3175	3,69574E-001	-9,99931E-002	0,00000E+000	-3,69549E-002	-2,99869E-001	0,00000E+000	1,40795E+003	12	...........
	635	3180	3,68392E-001	-9,99934E-002	0,00000E+000	-3,68368E-002	-2,99869E-001	0,00000E+000	1,40795E+003	12	...........
	636	3185	3,66921E-001	-9,99930E-002	0,00000E+000	-3,66895E-002	-2,99869E-001	0,00000E+000	1,40795E+003	12	...........
	637	3190	3,66100E-001	-9,99935E-002	0,00000E+000	-3,66076E-002	-2,99869E-001	0,00000E+000	1,40795E+003	12	...........
	638	3195	3,66334E-001	-9,99932E-002	0,00000E+000	-3,66309E-002	-2,99869E-001	0,00000E+000	1,40795E+003	12	...........
	639	3200	3,66075E-001	-9,99940E-002	0,00000E+000	-3,66053E-002	-2,99869E-001	0,00000E+000	1,40795E+003	12	...........
	640	3205	3,65195E-001	-9,99935E-002	0,00000E+000	-3,65172E-002	-2,99869E-001	0,00000E+000	1,40795E+003	12	...........
	641	3210	3,63893E-001	-9,99937E-002	0,00000E+000	-3,63870E-002	-2,99869E-001	0,00000E+000	1,40795E+003	12	...........
	642	3215	3,62720E-001	-9,99935E-002	0,00000E+000	-3,62697E-002	-2,99869E-001	0,00000E+000	1,40795E+003	12	...........
	643	3220	3,62062E-001	-9,99937E-002	0,00000E+000	-3,62039E-002	-2,99869E-001	0,00000E+000	1,40795E+003	12	...........
	644	3225	3,61707E-001	-9,99936E-002	0,00000E+000	-3,61684E-002	-2,99869E-001	0,00000E+000	1,40795E+003	12	...........
	645	3230	3,62068E-001	-9,99926E-002	0,00000E+000	-3,62042E-002	-2,99869E-001	0,00000E+000	1,40795E+003	12	...........
	646	3235	3,60924E-001	-9,99934E-002	0,00000E+000	-3,60901E-002	-2,99869E-001	0,00000E+000	1,40795E+003	12	...........
	647	3240	3,59384E-001	-9,99936E-002	0,00000E+000	-3,59361E-002	-2,99869E-001	0,00000E+000	1,40795E+003	12	...........
	648	3245	3,58651E-001	-9,99941E-002	0,00000E+000	-3,58630E-002	-2,99869E-001	0,00000E+000	1,40795E+003	12	...........
	649	3250	3,57719E-001	-9,99937E-002	0,00000E+000	-3,57697E-002	-2,99869E-001	0,00000E+000	1,40796E+003	12	...........
	650	3255	3,57330E-001	-9,99930E-002	0,00000E+000	-3,57305E-002	-2,99869E-001	0,00000E+000	1,40795E+003	12	...........
	651	3260	3,57100E-001	-9,99932E-002	0,00000E+000	-3,57076E-002	-2,99869E-001	0,00000E+000	1,40796E+003	12	...........
	652	3265	3,56437E-001	-9,99936E-002	0,00000E+000	-3,56414E-002	-2,99869E-001	0,00000E+000	1,40795E+003	12	...........
	653	3270	3,55173E-001	-9,99934E-002	0,00000E+000	-3,55149E-002	-2,99869E-001	0,00000E+000	1,40795E+003	12	...........
	654	3275	3,53853E-001	-9,99942E-002	0,00000E+000	-3,53832E-002	-2,99869E-001	0,00000E+000	1,40795E+003	12	...........
	655	3280	3,52644E-001	-9,99937E-002	0,00000E+000	-3,52622E-002	-2,99869E-001	0,00000E+000	1,40795E+003	12	...........
	656	3285	3,52690E-001	-9,99939E-002	0,00000E+000	-3,52668E-002	-2,99869E-001	0,00000E+000	1,40795E+003	12	...........
	657	3290	3,52980E-001	-9,99937E-002	0,00000E+000	-3,52958E-002	-2,99869E-001	0,00000E+000	1,40795E+003	12	...........
	658	3295	3,52025E-001	-9,99943E-002	0,00000E+000	-3,52005E-002	-2,99869E-001	0,00000E+000	1,40795E+003	12	...........
	659	3300	3,50739E-001	-9,99936E-002	0,00000E+000	-3,50716E-002	-2,99869E-001	0,00000E+000	1,40795E+003	12	...........
	660	3305	3,49259E-001	-9,99940E-002	0,00000E+000	-3,49238E-002	-2,99869E-001	0,00000E+000	1,40795E+003	12	...........
	661	3310	3,47934E-001	-9,99943E-002	0,00000E+000	-3,47914E-002	-2,99869E-001	0,00000E+000	1,40795E+003	12	...........
	662	3315	3,48168E-001	-9,99937E-002	0,00000E+000	-3,48146E-002	-2,99869E-001	0,00000E+000	1,40795E+003	12	...........
	663	3320	3,48073E-001	-9,99933E-002	0,00000E+000	-3,48050E-002	-2,99869E-001	0,00000E+000	1,40795E+003	12	...........
	664	3325	3,47068E-001	-9,99940E-002	0,00000E+000	-3,47047E-002	-2,99869E-001	0,00000E+000	1,40795E+003	12	...........
	665	3330	3,45608E-001	-9,99929E-002	0,00000E+000	-3,45584E-002	-2,99869E-001	0,00000E+000	1,40795E+003	12	...........
	666	3335	3,44294E-001	-9,99935E-002	0,00000E+000	-3,44272E-002	-2,99869E-001	0,00000E+000	1,40797E+003	12	...........
	667	3340	3,43580E-001	-9,99933E-002	0,00000E+000	-3,43557E-002	-2,99869E-001	0,00000E+000	1,40797E+003	12	...........
	668	3345	3,43194E-001	-9,99937E-002	0,00000E+000	-3,43172E-002	-2,99869E-001	0,00000E+000	1,40795E+003	12	...........
	669	3350	3,42923E-001	-9,99937E-002	0,00000E+000	-3,42901E-002	-2,99869E-001	0,00000E+000	1,40795E+003	12	...........
	670	3355	3,42238E-001	-9,99927E-002	0,00000E+000	-3,42213E-002	-2,99869E-001	0,00000E+000	1,40795E+003	12	...........
	671	3360	3,40788E-001	-9,99927E-002	0,00000E+000	-3,40763E-002	-2,99869E-001	0,00000E+000	1,40795E+003	12	...........
	672	3365	3,39428E-001	-9,99928E-002	0,00000E+000	-3,39403E-002	-2,99869E-001	0,00000E+000	1,40795E+003	12	...........
	673	3370	3,38464E-001	-9,99932E-002	0,00000E+000	-3,38441E-002	-2,99869E-001	0,00000E+000	1,40795E+003	12	...........
	674	3375	3,38482E-001	-9,99933E-002	0,00000E+000	-3,38459E-002	-2,99869E-001	0,00000E+000	1,40795E+003	12	...........
	675	3380	3,38466E-001	-9,99929E-002	0,00000E+000	-3,38442E-002	-2,99869E-001	0,00000E+000	1,40795E+003	12	...........
	676	3385	3,37454E-001	-9,99928E-002	0,00000E+000	-3,37430E-002	-2,99869E-001	0,00000E+000	1,40795E+003	12	...........
	677	3390	3,36122E-001	-9,99933E-002	0,00000E+000	-3,36100E-002	-2,99869E-001	0,00000E+000	1,40795E+003	12	...........
	678	3395	3,34690E-001	-9,99935E-002	0,00000E+000	-3,34668E-002	-2,99869E-001	0,00000E+000	1,40795E+003	12	...........
	679	3400	3,33298E-001	-9,99935E-002	0,00000E+000	-3,33276E-002	-2,99869E-001	0,00000E+000	1,40795E+003	12	...........
	680	3405	3,32896E-001	-9,99934E-002	0,00000E+000	-3,32874E-002	-2,99869E-001	0,00000E+000	1,40795E+003	12	...........
	681	3410	3,33179E-001	-9,99940E-002	0,00000E+000	-3,33159E-002	-2,99869E-001	0,00000E+000	1,40795E+003	12	...........
	682	3415	3,32202E-001	-9,99923E-002	0,00000E+000	-3,32176E-002	-2,99869E-001	0,00000E+000	1,40795E+003	12	...........
	683	3420	3,31027E-001	-9,99928E-002	0,00000E+000	-3,31003E-002	-2,99869E-001	0,00000E+000	1,40795E+003	12	...........
	684	3425	3,29329E-001	-9,99929E-002	0,00000E+000	-3,29305E-002	-2,99869E-001	0,00000E+000	1,40795E+003	12	...........
	685	3430	3,27927E-001	-9,99932E-002	0,00000E+000	-3,27904E-002	-2,99869E-001	0,00000E+000	1,40795E+003	12	...........
	686	3435	3,27712E-001	-9,99939E-002	0,00000E+000	-3,27692E-002	-2,99869E-001	0,00000E+000	1,40795E+003	12	...........
	687	3440	3,27971E-001	-9,99936E-002	0,00000E+000	-3,27951E-002	-2,99869E-001	0,00000E+000	1,40795E+003	12	...........
	688	3445	3,26806E-001	-9,99932E-002	0,00000E+000	-3,26784E-002	-2,99869E-001	0,00000E+000	1,40795E+003	12	...........
	689	3450	3,25192E-001	-9,99935E-002	0,00000E+000	-3,25171E-002	-2,99869E-001	0,00000E+000	1,40795E+003	12	...........
	690	3455	3,23898E-001	-9,99939E-002	0,00000E+000	-3,23879E-002	-2,99869E-001	0,00000E+000	1,40795E+003	12	...........
	691	3460	3,23330E-001	-9,99938E-002	0,00000E+000	-3,23310E-002	-2,99869E-001	0,00000E+000	1,40795E+003	12	...........
	692	3465	3,22835E-001	-9,99937E-002	0,00000E+000	-3,22815E-002	-2,99869E-001	0,00000E+000	1,40795E+003	12	...........
	693	3470	3,22432E-001	-9,99934E-002	0,00000E+000	-3,22410E-002	-2,99869E-001	0,00000E+000	1,40795E+003	12	...........
	694	3475	3,21306E-001	-9,99935E-002	0,00000E+000	-3,21285E-002	-2,99869E-001	0,00000E+000	1,40795E+003	12	...........
	695	3480	3,19625E-001	-9,99934E-002	0,00000E+000	-3,19604E-002	-2,99869E-001	0,00000E+000	1,40795E+003	12	...........
	696	3485	3,18929E-001	-9,99935E-002	0,00000E+000	-3,18908E-002	-2,99869E-001	0,00000E+000	1,40795E+003	12	...........
	697	3490	3,17742E-001	-9,99941E-002	0,00000E+000	-3,17724E-002	-2,99869E-001	0,00000E+000	1,40795E+003	12	...........
	698	3495	3,17204E-001	-9,99938E-002	0,00000E+000	-3,17185E-002	-2,99869E-001	0,00000E+000	1,40795E+003	12	...........
	699	3500	3,17208E-001	-9,99932E-002	0,00000E+000	-3,17187E-002	-2,99869E-001	0,00000E+000	1,40795E+003	12	...........
	700	3505	3,16114E-001	-9,99939E-002	0,00000E+000	-3,16095E-002	-2,99869E-001	0,00000E+000	1,40795E+003	12	...........
	701	3510	3,14037E-001	-9,99940E-002	0,00000E+000	-3,14018E-002	-2,99869E-001	0,00000E+000	1,40795E+003	12	...........
	702	3515	3,13118E-001	-9,99938E-002	0,00000E+000	-3,13098E-002	-2,99869E-001	0,00000E+000	1,40795E+003	12	...........
	703	3520	3,12357E-001	-9,99939E-002	0,00000E+000	-3,12338E-002	-2,99869E-001	0,00000E+000	1,40795E+003	12	...........
	704	3525	3,11628E-001	-9,99934E-002	0,00000E+000	-3,11607E-002	-2,99869E-001	0,00000E+000	1,40795E+003	12	...........
	705	3530	3,11225E-001	-9,99938E-002	0,00000E+000	-3,11206E-002	-2,99869E-001	0,00000E+000	1,40795E+003	12	...........
	706	3535	3,10166E-001	-9,99931E-002	0,00000E+000	-3,10145E-002	-2,99869E-001	0,00000E+000	1,40795E+003	12	...........
	707	3540	3,08842E-001	-9,99937E-002	0,00000E+000	-3,08822E-002	-2,99869E-001	0,00000E+000	1,40795E+003	12	...........
	708	3545	3,07625E-001	-9,99935E-002	0,00000E+000	-3,07605E-002	-2,99869E-001	0,00000E+000	1,40795E+003	12	...........
	709	3550	3,06636E-001	-9,99931E-002	0,00000E+000	-3,06615E-002	-2,99869E-001	0,00000E+000	1,40795E+003	12	...........
	710	3555	3,05963E-001	-9,99929E-002	0,00000E+000	-3,05941E-002	-2,99869E-001	0,00000E+000	1,40795E+003	12	...........
	711	3560	3,05541E-001	-9,99938E-002	0,00000E+000	-3,05522E-002	-2,99869E-001	0,00000E+000	1,40795E+003	12	...........
	712	3565	3,04642E-001	-9,99936E-002	0,00000E+000	-3,04623E-002	-2,99869E-001	0,00000E+000	1,40795E+003	12	...........
	713	3570	3,03223E-001	-9,99934E-002	0,00000E+000	-3,03203E-002	-2,99869E-001	0,00000E+000	1,40795E+003	12	...........
	714	3575	3,02153E-001	-9,99940E-002	0,00000E+000	-3,02135E-002	-2,99869E-001	0,00000E+000	1,40795E+003	12	...........
	715	3580	3,00858E-001	-9,99929E-002	0,00000E+000	-3,00837E-002	-2,99869E-001	0,00000E+000	1,40795E+003	12	...........
	716	3585	3,00457E-001	-9,99934E-002	0,00000E+000	-3,00437E-002	-2,99869E-001	0,00000E+000	1,40795E+003	12	...........
	717	3590	2,99710E-001	-9,99935E-002	0,00000E+000	-2,99691E-002	-2,99869E-001	0,00000E+000	1,40795E+003	12	...........
	718	3595	2,98409E-001	-9,99939E-002	0,00000E+000	-2,98391E-002	-2,99869E-001	0,00000E+000	1,40795E+003	12	...........
	719	3600	2,97205E-001	-9,99934E-002	0,00000E+000	-2,97185E-002	-2,99869E-001	0,00000E+000	1,40795E+003	12	...........
	720	3605	2,96100E-001	-9,99932E-002	0,00000E+000	-2,96080E-002	-2,99869E-001	0,00000E+000	1,40795E+003	12	...........
	721	3610	2,94943E-001	-9,99933E-002	0,00000E+000	-2,94923E-002	-2,99869E-001	0,00000E+000	1,40795E+003	12	...........
	722	3615	2,94240E-001	-9,99934E-002	0,00000E+000	-2,94220E-002	-2,99869E-001	0,00000E+000	1,40795E+003	12	...........
	723	3620	2,94211E-001	-9,99932E-002	0,00000E+000	-2,94191E-002	-2,99869E-001	0,00000E+000	1,40795E+003	12	...........
	724	3625	2,93015E-001	-9,99929E-002	0,00000E+000	-2,92995E-002	-2,99869E-001	0,00000E+000	1,40795E+003	12	...........
	725	3630	2,90967E-001	-9,99936E-002	0,00000E+000	-2,90948E-002	-2,99869E-001	0,00000E+000	1,40795E+003	12	...........
	726	3635	2,89848E-001	-9,99930E-002	0,00000E+000	-2,89828E-002	-2,99869E-001	0,00000E+000	1,40795E+003	12	...........
	727	3640	2,89049E-001	-9,99932E-002	0,00000E+000	-2,89030E-002	-2,99869E-001	0,00000E+000	1,40795E+003	12	...........
	728	3645	2,88374E-001	-9,99933E-002	0,00000E+000	-2,88354E-002	-2,99869E-001	0,00000E+000	1,40795E+003	12	...........
	729	3650	2,88063E-001	-9,99934E-002	0,00000E+000	-2,88044E-002	-2,99869E-001	0,00000E+000	1,40795E+003	12	...........
	730	3655	2,87220E-001	-9,99929E-002	0,00000E+000	-2,87199E-002	-2,99869E-001	0,00000E+000	1,40795E+003	12	...........
	731	3660	2,85409E-001	-9,99934E-002	0,00000E+000	-2,85390E-002	-2,99869E-001	0,00000E+000	1,40795E+003	12	...........
	732	3665	2,84211E-001	-9,99932E-002	0,00000E+000	-2,84192E-002	-2,99869E-001	0,00000E+000	1,40795E+003	12	...........
	733	3670	2,83060E-001	-9,99940E-002	0,00000E+000	-2,83043E-002	-2,99869E-001	0,00000E+000	1,40795E+003	12	...........
	734	3675	2,82446E-001	-9,99935E-002	0,00000E+000	-2,82427E-002	-2,99869E-001	0,00000E+000	1,40795E+003	12	...........
	735	3680	2,81890E-001	-9,99940E-002	0,00000E+000	-2,81874E-002	-2,99869E-001	0,00000E+000	1,40795E+003	12	...........
	736	3685	2,80658E-001	-9,99937E-002	0,00000E+000	-2,80640E-002	-2,99869E-001	0,00000E+000	1,40795E+003	12	...........
	737	3690	2,79260E-001	-9,99939E-002	0,00000E+000	-2,79243E-002	-2,99869E-001	0,00000E+000	1,40795E+003	12	...........
	738	3695	2,77985E-001	-9,99935E-002	0,00000E+000	-2,77967E-002	-2,99869E-001	0,00000E+000	1,40795E+003	12	...........
	739	3700	2,76824E-001	-9,99940E-002	0,00000E+000	-2,76808E-002	-2,99869E-001	0,00000E+000	1,40795E+003	12	...........
	740	3705	2,76176E-001	-9,99937E-002	0,00000E+000	-2,76158E-002	-2,99869E-001	0,00000E+000	1,40795E+003	12	...........
	741	3710	2,75841E-001	-9,99935E-002	0,00000E+000	-2,75823E-002	-2,99869E-001	0,00000E+000	1,40795E+003	12	...........
	742	3715	2,74665E-001	-9,99940E-002	0,00000E+000	-2,74649E-002	-2,99869E-001	0,00000E+000	1,40795E+003	12	...........
	743	3720	2,72985E-001	-9,99929E-002	0,00000E+000	-2,72966E-002	-2,99869E-001	0,00000E+000	1,40795E+003	12	...........
	744	3725	2,72087E-001	-9,99933E-002	0,00000E+000	-2,72069E-002	-2,99869E-001	0,00000E+000	1,40795E+003	12	...........
	745	3730	2,70901E-001	-9,99936E-002	0,00000E+000	-2,70883E-002	-2,99869E-001	0,00000E+000	1,40795E+003	12	...........
	746	3735	2,69953E-001	-9,99929E-002	0,00000E+000	-2,69933E-002	-2,99869E-001	0,00000E+000	1,40795E+003	12	...........
	747	3740	2,69492E-001	-9,99928E-002	0,00000E+000	-2,69473E-002	-2,99869E-001	0,00000E+000	1,40795E+003	12	...........
	748	3745	2,68289E-001	-9,99936E-002	0,00000E+000	-2,68272E-002	-2,99869E-001	0,00000E+000	1,40795E+003	12	...........
	749	3750	2,66836E-001	-9,99937E-002	0,00000E+000	-2,66819E-002	-2,99869E-001	0,00000E+000	1,40795E+003	12	...........
	750	3755	2,65729E-001	-9,99939E-002	0,00000E+000	-2,65713E-002	-2,99869E-001	0,00000E+000	1,40795E+003	12	...........
	751	3760	2,64156E-001	-9,99929E-002	0,00000E+000	-2,64137E-002	-2,99869E-001	0,00000E+000	1,40795E+003	12	...........
	752	3765	2,63401E-001	-9,99940E-002	0,00000E+000	-2,63385E-002	-2,99869E-001	0,00000E+000	1,40795E+003	12	...........
	753	3770	2,62671E-001	-9,99936E-002	0,00000E+000	-2,62654E-002	-2,99869E-001	0,00000E+000	1,40795E+003	12	...........
	754	3775	2,61810E-001	-9,99932E-002	0,00000E+000	-2,61792E-002	-2,99869E-001	0,00000E+000	1,40800E+003	12	...........
	755	3780	2,60234E-001	-9,99928E-002	0,00000E+000	-2,60215E-002	-2,99869E-001	0,00000E+000	1,40792E+003	12	...........
	756	3785	2,59071E-001	-9,99934E-002	0,00000E+000	-2,59054E-002	-2,99869E-001	0,00000E+000	1,40796E+003	12	...........
	757	3790	2,57829E-001	-9,99923E-002	0,00000E+000	-2,57810E-002	-2,99869E-001	0,00000E+000	1,40803E+003	12	...........
	758	3795	2,56757E-001	-9,99938E-002	0,00000E+000	-2,56741E-002	-2,99869E-001	0,00000E+000	1,40802E+003	12	...........
	759	3800	2,56014E-001	-9,99921E-002	0,00000E+000	-2,55994E-002	-2,99869E-001	0,00000E+000	1,40800E+003	12	...........
	760	3805	2,55055E-001	-9,99932E-002	0,00000E+000	-2,55037E-002	-2,99869E-001	0,00000E+000	1,40799E+003	12	...........
	761	3810	2,53519E-001	-9,99929E-002	0,00000E+000	-2,53501E-002	-2,99869E-001	0,00000E+000	1,40797E+003	12	...........
	762	3815	2,52349E-001	-9,99933E-002	0,00000E+000	-2,52332E-002	-2,99869E-001	0,00000E+000	1,40797E+003	12	...........
	763	3820	2,51266E-001	-9,99934E-002	0,00000E+000	-2,51250E-002	-2,99869E-001	0,00000E+000	1,40805E+003	12	...........
	764	3825	2,50416E-001	-9,99922E-002	0,00000E+000	-2,50396E-002	-2,99869E-001	0,00000E+000	1,40812E+003	12	...........
	765	3830	2,49445E-001	-9,99935E-002	0,00000E+000	-2,49429E-002	-2,99869E-001	0,00000E+000	1,40790E+003	12	...........
	766	3835	2,48284E-001	-9,99923E-002	0,00000E+000	-2,48265E-002	-2,99869E-001	0,00000E+000	1,40802E+003	12	...........
	767	3840	2,46542E-001	-9,99934E-002	0,00000E+000	-2,46525E-002	-2,99869E-001	0,00000E+000	1,40801E+003	12	...........
	768	3845	2,45338E-001	-9,99926E-002	0,00000E+000	-2,45319E-002	-2,99869E-001	0,00000E+000	1,40812E+003	12	...........
	769	3850	2,44021E-001	-9,99920E-002	0,00000E+000	-2,44001E-002	-2,99869E-001	0,00000E+000	1,40813E+003	12	...........
	770	3855	2,43143E-001	-9,99920E-002	0,00000E+000	-2,43124E-002	-2,99869E-001	0,00000E+000	1,40812E+003	12	...........
	771	3860	2,42521E-001	-9,99928E-002	0,00000E+000	-2,42503E-002	-2,99869E-001	0,00000E+000	1,40813E+003	12	...........
	772	3865	2,41164E-001	-9,99919E-002	0,00000E+000	-2,41145E-002	-2,99869E-001	0,00000E+000	1,40820E+003	12	...........
	773	3870	2,39681E-001	-9,99922E-002	0,00000E+000	-2,39662E-002	-2,99869E-001	0,00000E+000	1,40820E+003	12	...........
	774	3875	2,38217E-001	-9,99921E-002	0,00000E+000	-2,38198E-002	-2,99869E-001	0,00000E+000	1,40820E+003	12	...........
	775	3880	2,37000E-001	-9,99916E-002	0,00000E+000	-2,36980E-002	-2,99869E-001	0,00000E+000	1,40820E+003	12	...........
	776	3885	2,35964E-001	-9,99924E-002	0,00000E+000	-2,35946E-002	-2,99869E-001	0,00000E+000	1,40820E+003	12	...........
	777	3890	2,35130E-001	-9,99921E-002	0,00000E+000	-2,35112E-002	-2,99869E-001	0,00000E+000	1,40820E+003	12	...........
	778	3895	2,33781E-001	-9,99926E-002	0,00000E+000	-2,33764E-002	-2,99869E-001	0,00000E+000	1,40820E+003	12	...........
	779	3900	2,32260E-001	-9,99918E-002	0,00000E+000	-2,32241E-002	-2,99869E-001	0,00000E+000	1,40820E+003	12	...........
	780	3905	2,31034E-001	-9,99920E-002	0,00000E+000	-2,31016E-002	-2,99869E-001	0,00000E+000	1,40820E+003	12	...........
	781	3910	2,29676E-001	-9,99917E-002	0,00000E+000	-2,29657E-002	-2,99869E-001	0,00000E+000	1,40820E+003	12	...........
	782	3915	2,28561E-001	-9,99917E-002	0,00000E+000	-2,28542E-002	-2,99869E-001	0,00000E+000	1,40820E+003	12	...........
	783	3920	2,27628E-001	-9,99923E-002	0,00000E+000	-2,27610E-002	-2,99869E-001	0,00000E+000	1,40820E+003	12	...........
	784	3925	2,26312E-001	-9,99920E-002	0,00000E+000	-2,26294E-002	-2,99869E-001	0,00000E+000	1,40820E+003	12	...........
	785	3930	2,24591E-001	-9,99920E-002	0,00000E+000	-2,24573E-002	-2,99869E-001	0,00000E+000	1,40820E+003	12	...........
	786	3935	2,23194E-001	-9,99914E-002	0,00000E+000	-2,23175E-002	-2,99869E-001	0,00000E+000	1,40820E+003	12	...........
	787	3940	2,21958E-001	-9,99919E-002	0,00000E+000	-2,21940E-002	-2,99869E-001	0,00000E+000	1,40820E+003	12	...........
	788	3945	2,20961E-001	-9,99925E-002	0,00000E+000	-2,20944E-002	-2,99869E-001	0,00000E+000	1,40820E+003	12	...........
	789	3950	2,19954E-001	-9,99928E-002	0,00000E+000	-2,19939E-002	-2,99869E-001	0,00000E+000	1,40820E+003	12	...........
	790	3955	2,18390E-001	-9,99921E-002	0,00000E+000	-2,18373E-002	-2,99869E-001	0,00000E+000	1,40820E+003	12	...........
	791	3960	2,16680E-001	-9,99912E-002	0,00000E+000	-2,16660E-002	-2,99869E-001	0,00000E+000	1,40820E+003	12	...........
	792	3964,48	2,15139E-001	-9,99917E-002	0,00000E+000	-2,15121E-002	-2,99869E-001	0,00000E+000	1,40819E+003	12	...........
STARTTIMEOFFSET	QUANT	229936,2	Start Time Offset (s)
