...
DATE	LABEL	26/7/2022	Date
TIME	LABEL	12:16:52	Time
...
CURVE	TABLE	554
	Pt	T	Vf	Im	Vu	Pwr	Sig	Ach	Temp	IERange	Over
	#	s	V	A	V	W	V	V	deg C	#	bits
	0	5	5,46423E-001	-9,99936E-002	0,00000E+000	-5,46388E-002	-2,99869E-001	0,00000E+000	1,40791E+003	12	...........
	1	10	5,37427E-001	-9,99935E-002	0,00000E+000	-5,37392E-002	-2,99869E-001	0,00000E+000	1,40780E+003	12	...........
	2	15	5,36738E-001	-9,99930E-002	0,00000E+000	-5,36700E-002	-2,99869E-001	0,00000E+000	1,40791E+003	12	...........
	3	20	5,35060E-001	-9,99937E-002	0,00000E+000	-5,35026E-002	-2,99869E-001	0,00000E+000	1,40791E+003	12	...........
	4	25	5,32997E-001	-9,99935E-002	0,00000E+000	-5,32963E-002	-2,99869E-001	0,00000E+000	1,40795E+003	12	...........
	5	30	5,31725E-001	-9,99935E-002	0,00000E+000	-5,31690E-002	-2,99869E-001	0,00000E+000	1,40789E+003	12	...........
	6	35	5,30683E-001	-9,99940E-002	0,00000E+000	-5,30651E-002	-2,99869E-001	0,00000E+000	1,40795E+003	12	...........
	7	40	5,29611E-001	-9,99940E-002	0,00000E+000	-5,29579E-002	-2,99869E-001	0,00000E+000	1,40791E+003	12	...........
	8	45	5,28648E-001	-9,99931E-002	0,00000E+000	-5,28611E-002	-2,99869E-001	0,00000E+000	1,40795E+003	12	...........
	9	50	5,28010E-001	-9,99941E-002	0,00000E+000	-5,27979E-002	-2,99869E-001	0,00000E+000	1,40784E+003	12	...........
	10	55	5,27139E-001	-9,99932E-002	0,00000E+000	-5,27103E-002	-2,99869E-001	0,00000E+000	1,40791E+003	12	...........
	11	60	5,26144E-001	-9,99935E-002	0,00000E+000	-5,26110E-002	-2,99869E-001	0,00000E+000	1,40794E+003	12	...........
	12	65	5,25346E-001	-9,99934E-002	0,00000E+000	-5,25311E-002	-2,99869E-001	0,00000E+000	1,40788E+003	12	...........
	13	70	5,24565E-001	-9,99929E-002	0,00000E+000	-5,24527E-002	-2,99869E-001	0,00000E+000	1,40785E+003	12	...........
	14	75	5,24033E-001	-9,99936E-002	0,00000E+000	-5,23999E-002	-2,99869E-001	0,00000E+000	1,40786E+003	12	...........
	15	80	5,23416E-001	-9,99931E-002	0,00000E+000	-5,23380E-002	-2,99869E-001	0,00000E+000	1,40795E+003	12	...........
	16	85	5,22651E-001	-9,99937E-002	0,00000E+000	-5,22618E-002	-2,99869E-001	0,00000E+000	1,40795E+003	12	...........
	17	90	5,21904E-001	-9,99936E-002	0,00000E+000	-5,21870E-002	-2,99869E-001	0,00000E+000	1,40786E+003	12	...........
	18	95	5,21230E-001	-9,99935E-002	0,00000E+000	-5,21196E-002	-2,99869E-001	0,00000E+000	1,40786E+003	12	...........
	19	100	5,20480E-001	-9,99929E-002	0,00000E+000	-5,20443E-002	-2,99869E-001	0,00000E+000	1,40784E+003	12	...........
	20	105	5,20033E-001	-9,99931E-002	0,00000E+000	-5,19997E-002	-2,99869E-001	0,00000E+000	1,40789E+003	12	...........
	21	110	5,19539E-001	-9,99933E-002	0,00000E+000	-5,19504E-002	-2,99869E-001	0,00000E+000	1,40785E+003	12	...........
	22	115	5,18904E-001	-9,99936E-002	0,00000E+000	-5,18871E-002	-2,99869E-001	0,00000E+000	1,40785E+003	12	...........
	23	120	5,18238E-001	-9,99928E-002	0,00000E+000	-5,18200E-002	-2,99869E-001	0,00000E+000	1,40791E+003	12	...........
	24	125	5,17570E-001	-9,99935E-002	0,00000E+000	-5,17536E-002	-2,99869E-001	0,00000E+000	1,40795E+003	12	...........
	25	130	5,16955E-001	-9,99929E-002	0,00000E+000	-5,16918E-002	-2,99869E-001	0,00000E+000	1,40795E+003	12	...........
	26	135	5,16493E-001	-9,99933E-002	0,00000E+000	-5,16458E-002	-2,99869E-001	0,00000E+000	1,40795E+003	12	...........
	27	140	5,16135E-001	-9,99942E-002	0,00000E+000	-5,16105E-002	-2,99869E-001	0,00000E+000	1,40791E+003	12	...........
	28	145	5,15519E-001	-9,99940E-002	0,00000E+000	-5,15488E-002	-2,99869E-001	0,00000E+000	1,40791E+003	12	...........
	29	150	5,14852E-001	-9,99934E-002	0,00000E+000	-5,14818E-002	-2,99869E-001	0,00000E+000	1,40791E+003	12	...........
	30	155	5,14299E-001	-9,99937E-002	0,00000E+000	-5,14266E-002	-2,99869E-001	0,00000E+000	1,40791E+003	12	...........
	31	160	5,13675E-001	-9,99934E-002	0,00000E+000	-5,13641E-002	-2,99869E-001	0,00000E+000	1,40795E+003	12	...........
	32	165	5,13393E-001	-9,99931E-002	0,00000E+000	-5,13357E-002	-2,99869E-001	0,00000E+000	1,40793E+003	12	...........
	33	170	5,13015E-001	-9,99930E-002	0,00000E+000	-5,12979E-002	-2,99869E-001	0,00000E+000	1,40795E+003	12	...........
	34	175	5,12593E-001	-9,99931E-002	0,00000E+000	-5,12557E-002	-2,99869E-001	0,00000E+000	1,40786E+003	12	...........
	35	180	5,11841E-001	-9,99934E-002	0,00000E+000	-5,11807E-002	-2,99869E-001	0,00000E+000	1,40795E+003	12	...........
	36	185	5,11367E-001	-9,99927E-002	0,00000E+000	-5,11330E-002	-2,99869E-001	0,00000E+000	1,40795E+003	12	...........
	37	190	5,10808E-001	-9,99932E-002	0,00000E+000	-5,10773E-002	-2,99869E-001	0,00000E+000	1,40795E+003	12	...........
	38	195	5,10493E-001	-9,99928E-002	0,00000E+000	-5,10456E-002	-2,99869E-001	0,00000E+000	1,40790E+003	12	...........
	39	200	5,10153E-001	-9,99941E-002	0,00000E+000	-5,10123E-002	-2,99869E-001	0,00000E+000	1,40791E+003	12	...........
	40	205	5,09687E-001	-9,99936E-002	0,00000E+000	-5,09655E-002	-2,99869E-001	0,00000E+000	1,40794E+003	12	...........
	41	210	5,09233E-001	-9,99935E-002	0,00000E+000	-5,09200E-002	-2,99869E-001	0,00000E+000	1,40788E+003	12	...........
	42	215	5,08610E-001	-9,99931E-002	0,00000E+000	-5,08575E-002	-2,99869E-001	0,00000E+000	1,40787E+003	12	...........
	43	220	5,08083E-001	-9,99935E-002	0,00000E+000	-5,08050E-002	-2,99869E-001	0,00000E+000	1,40795E+003	12	...........
	44	225	5,07900E-001	-9,99938E-002	0,00000E+000	-5,07868E-002	-2,99869E-001	0,00000E+000	1,40795E+003	12	...........
	45	230	5,07616E-001	-9,99932E-002	0,00000E+000	-5,07582E-002	-2,99869E-001	0,00000E+000	1,40795E+003	12	...........
	46	235	5,07022E-001	-9,99934E-002	0,00000E+000	-5,06988E-002	-2,99869E-001	0,00000E+000	1,40795E+003	12	...........
	47	240	5,06572E-001	-9,99932E-002	0,00000E+000	-5,06538E-002	-2,99869E-001	0,00000E+000	1,40795E+003	12	...........
	48	245	5,06142E-001	-9,99937E-002	0,00000E+000	-5,06110E-002	-2,99869E-001	0,00000E+000	1,40795E+003	12	...........
	49	250	5,05579E-001	-9,99938E-002	0,00000E+000	-5,05548E-002	-2,99869E-001	0,00000E+000	1,40791E+003	12	...........
	50	255	5,05359E-001	-9,99940E-002	0,00000E+000	-5,05328E-002	-2,99869E-001	0,00000E+000	1,40789E+003	12	...........
	51	260	5,05105E-001	-9,99936E-002	0,00000E+000	-5,05072E-002	-2,99869E-001	0,00000E+000	1,40791E+003	12	...........
	52	265	5,04670E-001	-9,99937E-002	0,00000E+000	-5,04638E-002	-2,99869E-001	0,00000E+000	1,40793E+003	12	...........
	53	270	5,04228E-001	-9,99942E-002	0,00000E+000	-5,04199E-002	-2,99869E-001	0,00000E+000	1,40795E+003	12	...........
	54	275	5,03769E-001	-9,99940E-002	0,00000E+000	-5,03739E-002	-2,99869E-001	0,00000E+000	1,40789E+003	12	...........
	55	280	5,03264E-001	-9,99932E-002	0,00000E+000	-5,03229E-002	-2,99869E-001	0,00000E+000	1,40794E+003	12	...........
	56	285	5,02942E-001	-9,99940E-002	0,00000E+000	-5,02912E-002	-2,99869E-001	0,00000E+000	1,40790E+003	12	...........
	57	290	5,02737E-001	-9,99936E-002	0,00000E+000	-5,02704E-002	-2,99869E-001	0,00000E+000	1,40795E+003	12	...........
	58	295	5,02439E-001	-9,99932E-002	0,00000E+000	-5,02405E-002	-2,99869E-001	0,00000E+000	1,40786E+003	12	...........
	59	300	5,01918E-001	-9,99932E-002	0,00000E+000	-5,01883E-002	-2,99869E-001	0,00000E+000	1,40794E+003	12	...........
	60	305	5,01502E-001	-9,99934E-002	0,00000E+000	-5,01469E-002	-2,99869E-001	0,00000E+000	1,40786E+003	12	...........
	61	310	5,01035E-001	-9,99933E-002	0,00000E+000	-5,01002E-002	-2,99869E-001	0,00000E+000	1,40791E+003	12	...........
	62	315	5,00699E-001	-9,99935E-002	0,00000E+000	-5,00667E-002	-2,99869E-001	0,00000E+000	1,40786E+003	12	...........
	63	320	5,00545E-001	-9,99940E-002	0,00000E+000	-5,00515E-002	-2,99869E-001	0,00000E+000	1,40788E+003	12	...........
	64	325	5,00141E-001	-9,99941E-002	0,00000E+000	-5,00112E-002	-2,99869E-001	0,00000E+000	1,40795E+003	12	...........
	65	330	4,99714E-001	-9,99947E-002	0,00000E+000	-4,99688E-002	-2,99869E-001	0,00000E+000	1,40795E+003	12	...........
	66	335	4,99189E-001	-9,99943E-002	0,00000E+000	-4,99160E-002	-2,99869E-001	0,00000E+000	1,40791E+003	12	...........
	67	340	4,98933E-001	-9,99952E-002	0,00000E+000	-4,98909E-002	-2,99869E-001	0,00000E+000	1,40794E+003	12	...........
	68	345	4,98638E-001	-9,99939E-002	0,00000E+000	-4,98608E-002	-2,99869E-001	0,00000E+000	1,40793E+003	12	...........
	69	350	4,98504E-001	-9,99936E-002	0,00000E+000	-4,98472E-002	-2,99869E-001	0,00000E+000	1,40795E+003	12	...........
	70	355	4,98093E-001	-9,99940E-002	0,00000E+000	-4,98064E-002	-2,99869E-001	0,00000E+000	1,40795E+003	12	...........
	71	360	4,97598E-001	-9,99933E-002	0,00000E+000	-4,97565E-002	-2,99869E-001	0,00000E+000	1,40788E+003	12	...........
	72	365	4,97177E-001	-9,99945E-002	0,00000E+000	-4,97150E-002	-2,99869E-001	0,00000E+000	1,40791E+003	12	...........
	73	370	4,96700E-001	-9,99934E-002	0,00000E+000	-4,96667E-002	-2,99869E-001	0,00000E+000	1,40791E+003	12	...........
	74	375	4,96509E-001	-9,99937E-002	0,00000E+000	-4,96478E-002	-2,99869E-001	0,00000E+000	1,40791E+003	12	...........
	75	380	4,96440E-001	-9,99940E-002	0,00000E+000	-4,96410E-002	-2,99869E-001	0,00000E+000	1,40787E+003	12	...........
	76	385	4,96042E-001	-9,99935E-002	0,00000E+000	-4,96010E-002	-2,99869E-001	0,00000E+000	1,40791E+003	12	...........
	77	390	4,95601E-001	-9,99931E-002	0,00000E+000	-4,95566E-002	-2,99869E-001	0,00000E+000	1,40791E+003	12	...........
	78	395	4,95177E-001	-9,99938E-002	0,00000E+000	-4,95146E-002	-2,99869E-001	0,00000E+000	1,40795E+003	12	...........
	79	400	4,94724E-001	-9,99930E-002	0,00000E+000	-4,94689E-002	-2,99869E-001	0,00000E+000	1,40795E+003	12	...........
	80	405	4,94538E-001	-9,99938E-002	0,00000E+000	-4,94508E-002	-2,99869E-001	0,00000E+000	1,40791E+003	12	...........
	81	410	4,94461E-001	-9,99936E-002	0,00000E+000	-4,94429E-002	-2,99869E-001	0,00000E+000	1,40794E+003	12	...........
	82	415	4,94120E-001	-9,99940E-002	0,00000E+000	-4,94090E-002	-2,99869E-001	0,00000E+000	1,40795E+003	12	...........
	83	420	4,93684E-001	-9,99945E-002	0,00000E+000	-4,93657E-002	-2,99869E-001	0,00000E+000	1,40795E+003	12	...........
	84	425	4,93289E-001	-9,99941E-002	0,00000E+000	-4,93260E-002	-2,99869E-001	0,00000E+000	1,40795E+003	12	...........
	85	430	4,92849E-001	-9,99940E-002	0,00000E+000	-4,92819E-002	-2,99869E-001	0,00000E+000	1,40795E+003	12	...........
	86	435	4,92670E-001	-9,99943E-002	0,00000E+000	-4,92642E-002	-2,99869E-001	0,00000E+000	1,40795E+003	12	...........
	87	440	4,92566E-001	-9,99937E-002	0,00000E+000	-4,92535E-002	-2,99869E-001	0,00000E+000	1,40793E+003	12	...........
	88	445	4,92260E-001	-9,99939E-002	0,00000E+000	-4,92230E-002	-2,99869E-001	0,00000E+000	1,40790E+003	12	...........
	89	450	4,91897E-001	-9,99938E-002	0,00000E+000	-4,91867E-002	-2,99869E-001	0,00000E+000	1,40795E+003	12	...........
	90	455	4,91473E-001	-9,99937E-002	0,00000E+000	-4,91442E-002	-2,99869E-001	0,00000E+000	1,40795E+003	12	...........
	91	460	4,91013E-001	-9,99936E-002	0,00000E+000	-4,90982E-002	-2,99869E-001	0,00000E+000	1,40791E+003	12	...........
	92	465	4,90819E-001	-9,99933E-002	0,00000E+000	-4,90786E-002	-2,99869E-001	0,00000E+000	1,40795E+003	12	...........
	93	470	4,90792E-001	-9,99942E-002	0,00000E+000	-4,90763E-002	-2,99869E-001	0,00000E+000	1,40795E+003	12	...........
	94	475	4,90473E-001	-9,99930E-002	0,00000E+000	-4,90438E-002	-2,99869E-001	0,00000E+000	1,40793E+003	12	...........
	95	480	4,89949E-001	-9,99942E-002	0,00000E+000	-4,89921E-002	-2,99869E-001	0,00000E+000	1,40795E+003	12	...........
	96	485	4,89627E-001	-9,99934E-002	0,00000E+000	-4,89594E-002	-2,99869E-001	0,00000E+000	1,40791E+003	12	...........
	97	490	4,89305E-001	-9,99935E-002	0,00000E+000	-4,89273E-002	-2,99869E-001	0,00000E+000	1,40787E+003	12	...........
	98	495	4,89152E-001	-9,99941E-002	0,00000E+000	-4,89123E-002	-2,99869E-001	0,00000E+000	1,40793E+003	12	...........
	99	500	4,89045E-001	-9,99940E-002	0,00000E+000	-4,89016E-002	-2,99869E-001	0,00000E+000	1,40795E+003	12	...........
	100	505	4,88753E-001	-9,99938E-002	0,00000E+000	-4,88722E-002	-2,99869E-001	0,00000E+000	1,40795E+003	12	...........
	101	510	4,88221E-001	-9,99931E-002	0,00000E+000	-4,88187E-002	-2,99869E-001	0,00000E+000	1,40791E+003	12	...........
	102	515	4,87941E-001	-9,99938E-002	0,00000E+000	-4,87911E-002	-2,99869E-001	0,00000E+000	1,40791E+003	12	...........
	103	520	4,87551E-001	-9,99931E-002	0,00000E+000	-4,87517E-002	-2,99869E-001	0,00000E+000	1,40795E+003	12	...........
	104	525	4,87444E-001	-9,99941E-002	0,00000E+000	-4,87415E-002	-2,99869E-001	0,00000E+000	1,40795E+003	12	...........
	105	530	4,87279E-001	-9,99938E-002	0,00000E+000	-4,87249E-002	-2,99869E-001	0,00000E+000	1,40791E+003	12	...........
	106	535	4,87175E-001	-9,99935E-002	0,00000E+000	-4,87144E-002	-2,99869E-001	0,00000E+000	1,40794E+003	12	...........
	107	540	4,86642E-001	-9,99933E-002	0,00000E+000	-4,86609E-002	-2,99869E-001	0,00000E+000	1,40795E+003	12	...........
	108	545	4,86328E-001	-9,99931E-002	0,00000E+000	-4,86295E-002	-2,99869E-001	0,00000E+000	1,40793E+003	12	...........
	109	550	4,85909E-001	-9,99936E-002	0,00000E+000	-4,85878E-002	-2,99869E-001	0,00000E+000	1,40795E+003	12	...........
	110	555	4,85760E-001	-9,99929E-002	0,00000E+000	-4,85726E-002	-2,99869E-001	0,00000E+000	1,40783E+003	12	...........
	111	560	4,85734E-001	-9,99928E-002	0,00000E+000	-4,85699E-002	-2,99869E-001	0,00000E+000	1,40787E+003	12	...........
	112	565	4,85491E-001	-9,99941E-002	0,00000E+000	-4,85463E-002	-2,99869E-001	0,00000E+000	1,40791E+003	12	...........
	113	570	4,85030E-001	-9,99934E-002	0,00000E+000	-4,84998E-002	-2,99869E-001	0,00000E+000	1,40788E+003	12	...........
	114	575	4,84657E-001	-9,99931E-002	0,00000E+000	-4,84623E-002	-2,99869E-001	0,00000E+000	1,40795E+003	12	...........
	115	580	4,84341E-001	-9,99936E-002	0,00000E+000	-4,84310E-002	-2,99869E-001	0,00000E+000	1,40790E+003	12	...........
	116	585	4,84110E-001	-9,99934E-002	0,00000E+000	-4,84078E-002	-2,99869E-001	0,00000E+000	1,40791E+003	12	...........
	117	590	4,83957E-001	-9,99925E-002	0,00000E+000	-4,83921E-002	-2,99869E-001	0,00000E+000	1,40790E+003	12	...........
	118	595	4,83850E-001	-9,99931E-002	0,00000E+000	-4,83816E-002	-2,99869E-001	0,00000E+000	1,40791E+003	12	...........
	119	600	4,83310E-001	-9,99934E-002	0,00000E+000	-4,83278E-002	-2,99869E-001	0,00000E+000	1,40789E+003	12	...........
	120	605	4,83124E-001	-9,99928E-002	0,00000E+000	-4,83089E-002	-2,99869E-001	0,00000E+000	1,40789E+003	12	...........
	121	610	4,82618E-001	-9,99932E-002	0,00000E+000	-4,82585E-002	-2,99869E-001	0,00000E+000	1,40784E+003	12	...........
	122	615	4,82512E-001	-9,99932E-002	0,00000E+000	-4,82479E-002	-2,99869E-001	0,00000E+000	1,40783E+003	12	...........
	123	620	4,82435E-001	-9,99938E-002	0,00000E+000	-4,82405E-002	-2,99869E-001	0,00000E+000	1,40789E+003	12	...........
	124	625	4,82154E-001	-9,99943E-002	0,00000E+000	-4,82127E-002	-2,99869E-001	0,00000E+000	1,40794E+003	12	...........
	125	630	4,81718E-001	-9,99935E-002	0,00000E+000	-4,81687E-002	-2,99869E-001	0,00000E+000	1,40791E+003	12	...........
	126	635	4,81271E-001	-9,99932E-002	0,00000E+000	-4,81238E-002	-2,99869E-001	0,00000E+000	1,40791E+003	12	...........
	127	640	4,81036E-001	-9,99938E-002	0,00000E+000	-4,81007E-002	-2,99869E-001	0,00000E+000	1,40788E+003	12	...........
	128	645	4,80853E-001	-9,99939E-002	0,00000E+000	-4,80824E-002	-2,99869E-001	0,00000E+000	1,40793E+003	12	...........
	129	650	4,80720E-001	-9,99939E-002	0,00000E+000	-4,80690E-002	-2,99869E-001	0,00000E+000	1,40790E+003	12	...........
	130	655	4,80593E-001	-9,99931E-002	0,00000E+000	-4,80560E-002	-2,99869E-001	0,00000E+000	1,40795E+003	12	...........
	131	660	4,79993E-001	-9,99935E-002	0,00000E+000	-4,79962E-002	-2,99869E-001	0,00000E+000	1,40791E+003	12	...........
	132	665	4,79699E-001	-9,99939E-002	0,00000E+000	-4,79670E-002	-2,99869E-001	0,00000E+000	1,40791E+003	12	...........
	133	670	4,79352E-001	-9,99940E-002	0,00000E+000	-4,79323E-002	-2,99869E-001	0,00000E+000	1,40786E+003	12	...........
	134	675	4,79313E-001	-9,99937E-002	0,00000E+000	-4,79283E-002	-2,99869E-001	0,00000E+000	1,40791E+003	12	...........
	135	680	4,79255E-001	-9,99934E-002	0,00000E+000	-4,79223E-002	-2,99869E-001	0,00000E+000	1,40790E+003	12	...........
	136	685	4,78976E-001	-9,99933E-002	0,00000E+000	-4,78944E-002	-2,99869E-001	0,00000E+000	1,40795E+003	12	...........
	137	690	4,78548E-001	-9,99933E-002	0,00000E+000	-4,78516E-002	-2,99869E-001	0,00000E+000	1,40795E+003	12	...........
	138	695	4,78213E-001	-9,99938E-002	0,00000E+000	-4,78183E-002	-2,99869E-001	0,00000E+000	1,40790E+003	12	...........
	139	700	4,77779E-001	-9,99934E-002	0,00000E+000	-4,77747E-002	-2,99869E-001	0,00000E+000	1,40795E+003	12	...........
	140	705	4,77689E-001	-9,99940E-002	0,00000E+000	-4,77661E-002	-2,99869E-001	0,00000E+000	1,40795E+003	12	...........
	141	710	4,77690E-001	-9,99934E-002	0,00000E+000	-4,77658E-002	-2,99869E-001	0,00000E+000	1,40790E+003	12	...........
	142	715	4,77416E-001	-9,99934E-002	0,00000E+000	-4,77385E-002	-2,99869E-001	0,00000E+000	1,40793E+003	12	...........
	143	720	4,77036E-001	-9,99936E-002	0,00000E+000	-4,77006E-002	-2,99869E-001	0,00000E+000	1,40786E+003	12	...........
	144	725	4,76680E-001	-9,99927E-002	0,00000E+000	-4,76645E-002	-2,99869E-001	0,00000E+000	1,40791E+003	12	...........
	145	730	4,76267E-001	-9,99929E-002	0,00000E+000	-4,76233E-002	-2,99869E-001	0,00000E+000	1,40793E+003	12	...........
	146	735	4,76090E-001	-9,99926E-002	0,00000E+000	-4,76055E-002	-2,99869E-001	0,00000E+000	1,40795E+003	12	...........
	147	740	4,76137E-001	-9,99931E-002	0,00000E+000	-4,76104E-002	-2,99869E-001	0,00000E+000	1,40795E+003	12	...........
	148	745	4,75990E-001	-9,99935E-002	0,00000E+000	-4,75959E-002	-2,99869E-001	0,00000E+000	1,40795E+003	12	...........
	149	750	4,75483E-001	-9,99937E-002	0,00000E+000	-4,75453E-002	-2,99869E-001	0,00000E+000	1,40795E+003	12	...........
	150	755	4,75114E-001	-9,99941E-002	0,00000E+000	-4,75086E-002	-2,99869E-001	0,00000E+000	1,40791E+003	12	...........
	151	760	4,74848E-001	-9,99929E-002	0,00000E+000	-4,74814E-002	-2,99869E-001	0,00000E+000	1,40795E+003	12	...........
	152	765	4,74742E-001	-9,99937E-002	0,00000E+000	-4,74712E-002	-2,99869E-001	0,00000E+000	1,40795E+003	12	...........
	153	770	4,74655E-001	-9,99933E-002	0,00000E+000	-4,74623E-002	-2,99869E-001	0,00000E+000	1,40795E+003	12	...........
	154	775	4,74411E-001	-9,99936E-002	0,00000E+000	-4,74381E-002	-2,99869E-001	0,00000E+000	1,40795E+003	12	...........
	155	780	4,74095E-001	-9,99931E-002	0,00000E+000	-4,74062E-002	-2,99869E-001	0,00000E+000	1,40790E+003	12	...........
	156	785	4,73638E-001	-9,99939E-002	0,00000E+000	-4,73609E-002	-2,99869E-001	0,00000E+000	1,40795E+003	12	...........
	157	790	4,73380E-001	-9,99935E-002	0,00000E+000	-4,73350E-002	-2,99869E-001	0,00000E+000	1,40795E+003	12	...........
	158	795	4,73119E-001	-9,99945E-002	0,00000E+000	-4,73092E-002	-2,99869E-001	0,00000E+000	1,40795E+003	12	...........
	159	800	4,73133E-001	-9,99928E-002	0,00000E+000	-4,73099E-002	-2,99869E-001	0,00000E+000	1,40795E+003	12	...........
	160	805	4,72955E-001	-9,99935E-002	0,00000E+000	-4,72924E-002	-2,99869E-001	0,00000E+000	1,40795E+003	12	...........
	161	810	4,72537E-001	-9,99940E-002	0,00000E+000	-4,72509E-002	-2,99869E-001	0,00000E+000	1,40795E+003	12	...........
	162	815	4,72088E-001	-9,99929E-002	0,00000E+000	-4,72055E-002	-2,99869E-001	0,00000E+000	1,40795E+003	12	...........
	163	820	4,71671E-001	-9,99929E-002	0,00000E+000	-4,71637E-002	-2,99869E-001	0,00000E+000	1,40795E+003	12	...........
	164	825	4,71668E-001	-9,99931E-002	0,00000E+000	-4,71635E-002	-2,99869E-001	0,00000E+000	1,40795E+003	12	...........
	165	830	4,71505E-001	-9,99928E-002	0,00000E+000	-4,71471E-002	-2,99869E-001	0,00000E+000	1,40795E+003	12	...........
	166	835	4,71491E-001	-9,99934E-002	0,00000E+000	-4,71460E-002	-2,99869E-001	0,00000E+000	1,40795E+003	12	...........
	167	840	4,71042E-001	-9,99931E-002	0,00000E+000	-4,71009E-002	-2,99869E-001	0,00000E+000	1,40795E+003	12	...........
	168	845	4,70675E-001	-9,99931E-002	0,00000E+000	-4,70643E-002	-2,99869E-001	0,00000E+000	1,40795E+003	12	...........
	169	850	4,70195E-001	-9,99933E-002	0,00000E+000	-4,70163E-002	-2,99869E-001	0,00000E+000	1,40795E+003	12	...........
	170	855	4,70108E-001	-9,99927E-002	0,00000E+000	-4,70074E-002	-2,99869E-001	0,00000E+000	1,40795E+003	12	...........
	171	860	4,70162E-001	-9,99929E-002	0,00000E+000	-4,70129E-002	-2,99869E-001	0,00000E+000	1,40795E+003	12	...........
	172	865	4,70037E-001	-9,99933E-002	0,00000E+000	-4,70005E-002	-2,99869E-001	0,00000E+000	1,40795E+003	12	...........
	173	870	4,69493E-001	-9,99936E-002	0,00000E+000	-4,69463E-002	-2,99869E-001	0,00000E+000	1,40795E+003	12	...........
	174	875	4,69055E-001	-9,99936E-002	0,00000E+000	-4,69025E-002	-2,99869E-001	0,00000E+000	1,40795E+003	12	...........
	175	880	4,68739E-001	-9,99937E-002	0,00000E+000	-4,68709E-002	-2,99869E-001	0,00000E+000	1,40795E+003	12	...........
	176	885	4,68651E-001	-9,99933E-002	0,00000E+000	-4,68620E-002	-2,99869E-001	0,00000E+000	1,40795E+003	12	...........
	177	890	4,68758E-001	-9,99931E-002	0,00000E+000	-4,68725E-002	-2,99869E-001	0,00000E+000	1,40795E+003	12	...........
	178	895	4,68460E-001	-9,99936E-002	0,00000E+000	-4,68430E-002	-2,99869E-001	0,00000E+000	1,40795E+003	12	...........
	179	900	4,68020E-001	-9,99937E-002	0,00000E+000	-4,67990E-002	-2,99869E-001	0,00000E+000	1,40795E+003	12	...........
	180	905	4,67634E-001	-9,99929E-002	0,00000E+000	-4,67601E-002	-2,99869E-001	0,00000E+000	1,40786E+003	12	...........
	181	910	4,67276E-001	-9,99934E-002	0,00000E+000	-4,67245E-002	-2,99869E-001	0,00000E+000	1,40788E+003	12	...........
	182	915	4,67041E-001	-9,99935E-002	0,00000E+000	-4,67011E-002	-2,99869E-001	0,00000E+000	1,40795E+003	12	...........
	183	920	4,67248E-001	-9,99931E-002	0,00000E+000	-4,67216E-002	-2,99869E-001	0,00000E+000	1,40795E+003	12	...........
	184	925	4,66779E-001	-9,99935E-002	0,00000E+000	-4,66748E-002	-2,99869E-001	0,00000E+000	1,40791E+003	12	...........
	185	930	4,66592E-001	-9,99937E-002	0,00000E+000	-4,66563E-002	-2,99869E-001	0,00000E+000	1,40795E+003	12	...........
	186	935	4,66110E-001	-9,99934E-002	0,00000E+000	-4,66079E-002	-2,99869E-001	0,00000E+000	1,40795E+003	12	...........
	187	940	4,65813E-001	-9,99931E-002	0,00000E+000	-4,65781E-002	-2,99869E-001	0,00000E+000	1,40795E+003	12	...........
	188	945	4,65560E-001	-9,99939E-002	0,00000E+000	-4,65531E-002	-2,99869E-001	0,00000E+000	1,40795E+003	12	...........
	189	950	4,65525E-001	-9,99935E-002	0,00000E+000	-4,65494E-002	-2,99869E-001	0,00000E+000	1,40795E+003	12	...........
	190	955	4,65367E-001	-9,99940E-002	0,00000E+000	-4,65339E-002	-2,99869E-001	0,00000E+000	1,40795E+003	12	...........
	191	960	4,64832E-001	-9,99934E-002	0,00000E+000	-4,64801E-002	-2,99869E-001	0,00000E+000	1,40795E+003	12	...........
	192	965	4,64486E-001	-9,99934E-002	0,00000E+000	-4,64455E-002	-2,99869E-001	0,00000E+000	1,40793E+003	12	...........
	193	970	4,64054E-001	-9,99933E-002	0,00000E+000	-4,64023E-002	-2,99869E-001	0,00000E+000	1,40795E+003	12	...........
	194	975	4,63789E-001	-9,99937E-002	0,00000E+000	-4,63759E-002	-2,99869E-001	0,00000E+000	1,40795E+003	12	...........
	195	980	4,63941E-001	-9,99932E-002	0,00000E+000	-4,63910E-002	-2,99869E-001	0,00000E+000	1,40795E+003	12	...........
	196	985	4,63876E-001	-9,99938E-002	0,00000E+000	-4,63847E-002	-2,99869E-001	0,00000E+000	1,40793E+003	12	...........
	197	990	4,63420E-001	-9,99930E-002	0,00000E+000	-4,63388E-002	-2,99869E-001	0,00000E+000	1,40791E+003	12	...........
	198	995	4,63057E-001	-9,99936E-002	0,00000E+000	-4,63027E-002	-2,99869E-001	0,00000E+000	1,40789E+003	12	...........
	199	1000	4,62514E-001	-9,99934E-002	0,00000E+000	-4,62484E-002	-2,99869E-001	0,00000E+000	1,40795E+003	12	...........
	200	1005	4,62337E-001	-9,99938E-002	0,00000E+000	-4,62308E-002	-2,99869E-001	0,00000E+000	1,40793E+003	12	...........
	201	1010	4,62422E-001	-9,99929E-002	0,00000E+000	-4,62389E-002	-2,99869E-001	0,00000E+000	1,40788E+003	12	...........
	202	1015	4,62204E-001	-9,99939E-002	0,00000E+000	-4,62175E-002	-2,99869E-001	0,00000E+000	1,40789E+003	12	...........
	203	1020	4,61791E-001	-9,99938E-002	0,00000E+000	-4,61762E-002	-2,99869E-001	0,00000E+000	1,40794E+003	12	...........
	204	1025	4,61282E-001	-9,99930E-002	0,00000E+000	-4,61250E-002	-2,99869E-001	0,00000E+000	1,40788E+003	12	...........
	205	1030	4,60942E-001	-9,99931E-002	0,00000E+000	-4,60911E-002	-2,99869E-001	0,00000E+000	1,40794E+003	12	...........
	206	1035	4,60806E-001	-9,99935E-002	0,00000E+000	-4,60776E-002	-2,99869E-001	0,00000E+000	1,40795E+003	12	...........
	207	1040	4,60950E-001	-9,99931E-002	0,00000E+000	-4,60918E-002	-2,99869E-001	0,00000E+000	1,40795E+003	12	...........
	208	1045	4,60735E-001	-9,99937E-002	0,00000E+000	-4,60706E-002	-2,99869E-001	0,00000E+000	1,40795E+003	12	...........
	209	1050	4,60122E-001	-9,99933E-002	0,00000E+000	-4,60092E-002	-2,99869E-001	0,00000E+000	1,40788E+003	12	...........
	210	1055	4,59794E-001	-9,99931E-002	0,00000E+000	-4,59763E-002	-2,99869E-001	0,00000E+000	1,40795E+003	12	...........
	211	1060	4,59453E-001	-9,99923E-002	0,00000E+000	-4,59418E-002	-2,99869E-001	0,00000E+000	1,40795E+003	12	...........
	212	1065	4,59214E-001	-9,99932E-002	0,00000E+000	-4,59182E-002	-2,99869E-001	0,00000E+000	1,40795E+003	12	...........
	213	1070	4,59112E-001	-9,99927E-002	0,00000E+000	-4,59078E-002	-2,99869E-001	0,00000E+000	1,40795E+003	12	...........
	214	1075	4,58964E-001	-9,99932E-002	0,00000E+000	-4,58933E-002	-2,99869E-001	0,00000E+000	1,40793E+003	12	...........
	215	1080	4,58679E-001	-9,99935E-002	0,00000E+000	-4,58649E-002	-2,99869E-001	0,00000E+000	1,40795E+003	12	...........
	216	1085	4,58311E-001	-9,99929E-002	0,00000E+000	-4,58278E-002	-2,99869E-001	0,00000E+000	1,40791E+003	12	...........
	217	1090	4,57896E-001	-9,99933E-002	0,00000E+000	-4,57865E-002	-2,99869E-001	0,00000E+000	1,40782E+003	12	...........
	218	1095	4,57641E-001	-9,99923E-002	0,00000E+000	-4,57606E-002	-2,99869E-001	0,00000E+000	1,40782E+003	12	...........
	219	1100	4,57599E-001	-9,99928E-002	0,00000E+000	-4,57566E-002	-2,99869E-001	0,00000E+000	1,40792E+003	12	...........
	220	1105	4,57519E-001	-9,99932E-002	0,00000E+000	-4,57488E-002	-2,99869E-001	0,00000E+000	1,40786E+003	12	...........
	221	1110	4,56981E-001	-9,99934E-002	0,00000E+000	-4,56950E-002	-2,99869E-001	0,00000E+000	1,40791E+003	12	...........
	222	1115	4,56540E-001	-9,99927E-002	0,00000E+000	-4,56507E-002	-2,99869E-001	0,00000E+000	1,40791E+003	12	...........
	223	1120	4,56191E-001	-9,99925E-002	0,00000E+000	-4,56157E-002	-2,99869E-001	0,00000E+000	1,40794E+003	12	...........
	224	1125	4,55942E-001	-9,99932E-002	0,00000E+000	-4,55911E-002	-2,99869E-001	0,00000E+000	1,40795E+003	12	...........
	225	1130	4,56025E-001	-9,99930E-002	0,00000E+000	-4,55993E-002	-2,99869E-001	0,00000E+000	1,40791E+003	12	...........
	226	1135	4,55629E-001	-9,99937E-002	0,00000E+000	-4,55601E-002	-2,99869E-001	0,00000E+000	1,40794E+003	12	...........
	227	1140	4,55237E-001	-9,99931E-002	0,00000E+000	-4,55206E-002	-2,99869E-001	0,00000E+000	1,40795E+003	12	...........
	228	1145	4,55132E-001	-9,99930E-002	0,00000E+000	-4,55100E-002	-2,99869E-001	0,00000E+000	1,40785E+003	12	...........
	229	1150	4,54537E-001	-9,99934E-002	0,00000E+000	-4,54507E-002	-2,99869E-001	0,00000E+000	1,40789E+003	12	...........
	230	1155	4,54364E-001	-9,99929E-002	0,00000E+000	-4,54331E-002	-2,99869E-001	0,00000E+000	1,40789E+003	12	...........
	231	1160	4,54505E-001	-9,99927E-002	0,00000E+000	-4,54472E-002	-2,99869E-001	0,00000E+000	1,40791E+003	12	...........
	232	1165	4,53938E-001	-9,99929E-002	0,00000E+000	-4,53906E-002	-2,99869E-001	0,00000E+000	1,40795E+003	12	...........
	233	1170	4,53613E-001	-9,99932E-002	0,00000E+000	-4,53582E-002	-2,99869E-001	0,00000E+000	1,40789E+003	12	...........
	234	1175	4,53362E-001	-9,99936E-002	0,00000E+000	-4,53333E-002	-2,99869E-001	0,00000E+000	1,40786E+003	12	...........
	235	1180	4,52620E-001	-9,99933E-002	0,00000E+000	-4,52590E-002	-2,99869E-001	0,00000E+000	1,40791E+003	12	...........
	236	1185	4,52382E-001	-9,99930E-002	0,00000E+000	-4,52351E-002	-2,99869E-001	0,00000E+000	1,40785E+003	12	...........
	237	1190	4,52576E-001	-9,99933E-002	0,00000E+000	-4,52545E-002	-2,99869E-001	0,00000E+000	1,40780E+003	12	...........
	238	1195	4,52529E-001	-9,99935E-002	0,00000E+000	-4,52500E-002	-2,99869E-001	0,00000E+000	1,40786E+003	12	...........
	239	1200	4,52000E-001	-9,99929E-002	0,00000E+000	-4,51968E-002	-2,99869E-001	0,00000E+000	1,40780E+003	12	...........
	240	1205	4,51537E-001	-9,99928E-002	0,00000E+000	-4,51505E-002	-2,99869E-001	0,00000E+000	1,40792E+003	12	...........
	241	1210	4,50684E-001	-9,99936E-002	0,00000E+000	-4,50655E-002	-2,99869E-001	0,00000E+000	1,40783E+003	12	...........
	242	1215	4,50654E-001	-9,99930E-002	0,00000E+000	-4,50622E-002	-2,99869E-001	0,00000E+000	1,40788E+003	12	...........
	243	1220	4,50958E-001	-9,99932E-002	0,00000E+000	-4,50927E-002	-2,99869E-001	0,00000E+000	1,40788E+003	12	...........
	244	1225	4,50741E-001	-9,99931E-002	0,00000E+000	-4,50710E-002	-2,99869E-001	0,00000E+000	1,40789E+003	12	...........
	245	1230	4,50270E-001	-9,99925E-002	0,00000E+000	-4,50236E-002	-2,99869E-001	0,00000E+000	1,40783E+003	12	...........
	246	1235	4,49923E-001	-9,99938E-002	0,00000E+000	-4,49895E-002	-2,99869E-001	0,00000E+000	1,40791E+003	12	...........
	247	1240	4,49180E-001	-9,99931E-002	0,00000E+000	-4,49149E-002	-2,99869E-001	0,00000E+000	1,40795E+003	12	...........
	248	1245	4,48810E-001	-9,99929E-002	0,00000E+000	-4,48778E-002	-2,99869E-001	0,00000E+000	1,40791E+003	12	...........
	249	1250	4,49325E-001	-9,99928E-002	0,00000E+000	-4,49293E-002	-2,99869E-001	0,00000E+000	1,40794E+003	12	...........
	250	1255	4,48776E-001	-9,99936E-002	0,00000E+000	-4,48748E-002	-2,99869E-001	0,00000E+000	1,40795E+003	12	...........
	251	1260	4,48241E-001	-9,99933E-002	0,00000E+000	-4,48211E-002	-2,99869E-001	0,00000E+000	1,40788E+003	12	...........
	252	1265	4,47848E-001	-9,99936E-002	0,00000E+000	-4,47819E-002	-2,99869E-001	0,00000E+000	1,40791E+003	12	...........
	253	1270	4,47335E-001	-9,99932E-002	0,00000E+000	-4,47304E-002	-2,99869E-001	0,00000E+000	1,40787E+003	12	...........
	254	1275	4,47224E-001	-9,99928E-002	0,00000E+000	-4,47192E-002	-2,99869E-001	0,00000E+000	1,40795E+003	12	...........
	255	1280	4,47130E-001	-9,99932E-002	0,00000E+000	-4,47100E-002	-2,99869E-001	0,00000E+000	1,40793E+003	12	...........
	256	1285	4,47058E-001	-9,99942E-002	0,00000E+000	-4,47031E-002	-2,99869E-001	0,00000E+000	1,40795E+003	12	...........
	257	1290	4,46338E-001	-9,99932E-002	0,00000E+000	-4,46308E-002	-2,99869E-001	0,00000E+000	1,40788E+003	12	...........
	258	1295	4,45807E-001	-9,99935E-002	0,00000E+000	-4,45778E-002	-2,99869E-001	0,00000E+000	1,40794E+003	12	...........
	259	1300	4,45376E-001	-9,99934E-002	0,00000E+000	-4,45347E-002	-2,99869E-001	0,00000E+000	1,40795E+003	12	...........
	260	1305	4,44968E-001	-9,99934E-002	0,00000E+000	-4,44938E-002	-2,99869E-001	0,00000E+000	1,40790E+003	12	...........
	261	1310	4,45147E-001	-9,99935E-002	0,00000E+000	-4,45117E-002	-2,99869E-001	0,00000E+000	1,40791E+003	12	...........
	262	1315	4,44909E-001	-9,99934E-002	0,00000E+000	-4,44879E-002	-2,99869E-001	0,00000E+000	1,40791E+003	12	...........
	263	1320	4,44539E-001	-9,99937E-002	0,00000E+000	-4,44511E-002	-2,99869E-001	0,00000E+000	1,40789E+003	12	...........
	264	1325	4,43912E-001	-9,99933E-002	0,00000E+000	-4,43882E-002	-2,99869E-001	0,00000E+000	1,40791E+003	12	...........
	265	1330	4,43189E-001	-9,99935E-002	0,00000E+000	-4,43160E-002	-2,99869E-001	0,00000E+000	1,40794E+003	12	...........
	266	1335	4,43068E-001	-9,99927E-002	0,00000E+000	-4,43036E-002	-2,99869E-001	0,00000E+000	1,40795E+003	12	...........
	267	1340	4,43068E-001	-9,99939E-002	0,00000E+000	-4,43041E-002	-2,99869E-001	0,00000E+000	1,40790E+003	12	...........
	268	1345	4,42894E-001	-9,99938E-002	0,00000E+000	-4,42866E-002	-2,99869E-001	0,00000E+000	1,40790E+003	12	...........
	269	1350	4,42403E-001	-9,99927E-002	0,00000E+000	-4,42371E-002	-2,99869E-001	0,00000E+000	1,40786E+003	12	...........
	270	1355	4,41814E-001	-9,99929E-002	0,00000E+000	-4,41782E-002	-2,99869E-001	0,00000E+000	1,40786E+003	12	...........
	271	1360	4,41227E-001	-9,99933E-002	0,00000E+000	-4,41198E-002	-2,99869E-001	0,00000E+000	1,40788E+003	12	...........
	272	1365	4,40735E-001	-9,99930E-002	0,00000E+000	-4,40704E-002	-2,99869E-001	0,00000E+000	1,40787E+003	12	...........
	273	1370	4,40984E-001	-9,99933E-002	0,00000E+000	-4,40955E-002	-2,99869E-001	0,00000E+000	1,40785E+003	12	...........
	274	1375	4,40640E-001	-9,99935E-002	0,00000E+000	-4,40611E-002	-2,99869E-001	0,00000E+000	1,40789E+003	12	...........
	275	1380	4,40147E-001	-9,99928E-002	0,00000E+000	-4,40115E-002	-2,99869E-001	0,00000E+000	1,40784E+003	12	...........
	276	1385	4,39444E-001	-9,99931E-002	0,00000E+000	-4,39414E-002	-2,99869E-001	0,00000E+000	1,40788E+003	12	...........
	277	1390	4,38982E-001	-9,99930E-002	0,00000E+000	-4,38952E-002	-2,99869E-001	0,00000E+000	1,40785E+003	12	...........
	278	1395	4,38611E-001	-9,99939E-002	0,00000E+000	-4,38584E-002	-2,99869E-001	0,00000E+000	1,40783E+003	12	...........
	279	1400	4,38922E-001	-9,99935E-002	0,00000E+000	-4,38894E-002	-2,99869E-001	0,00000E+000	1,40793E+003	12	...........
	280	1405	4,38798E-001	-9,99935E-002	0,00000E+000	-4,38770E-002	-2,99869E-001	0,00000E+000	1,40786E+003	12	...........
	281	1410	4,38225E-001	-9,99935E-002	0,00000E+000	-4,38196E-002	-2,99869E-001	0,00000E+000	1,40788E+003	12	...........
	282	1415	4,37707E-001	-9,99938E-002	0,00000E+000	-4,37680E-002	-2,99869E-001	0,00000E+000	1,40791E+003	12	...........
	283	1420	4,36703E-001	-9,99936E-002	0,00000E+000	-4,36675E-002	-2,99869E-001	0,00000E+000	1,40786E+003	12	...........
	284	1425	4,36460E-001	-9,99935E-002	0,00000E+000	-4,36431E-002	-2,99869E-001	0,00000E+000	1,40795E+003	12	...........
	285	1430	4,36624E-001	-9,99935E-002	0,00000E+000	-4,36596E-002	-2,99869E-001	0,00000E+000	1,40795E+003	12	...........
	286	1435	4,36389E-001	-9,99940E-002	0,00000E+000	-4,36363E-002	-2,99869E-001	0,00000E+000	1,40795E+003	12	...........
	287	1440	4,35617E-001	-9,99938E-002	0,00000E+000	-4,35590E-002	-2,99869E-001	0,00000E+000	1,40795E+003	12	...........
	288	1445	4,35076E-001	-9,99941E-002	0,00000E+000	-4,35050E-002	-2,99869E-001	0,00000E+000	1,40791E+003	12	...........
	289	1450	4,34438E-001	-9,99934E-002	0,00000E+000	-4,34409E-002	-2,99869E-001	0,00000E+000	1,40794E+003	12	...........
	290	1455	4,34451E-001	-9,99940E-002	0,00000E+000	-4,34425E-002	-2,99869E-001	0,00000E+000	1,40793E+003	12	...........
	291	1460	4,34208E-001	-9,99932E-002	0,00000E+000	-4,34179E-002	-2,99869E-001	0,00000E+000	1,40795E+003	12	...........
	292	1465	4,34176E-001	-9,99937E-002	0,00000E+000	-4,34149E-002	-2,99869E-001	0,00000E+000	1,40795E+003	12	...........
	293	1470	4,33707E-001	-9,99937E-002	0,00000E+000	-4,33679E-002	-2,99869E-001	0,00000E+000	1,40795E+003	12	...........
	294	1475	4,33110E-001	-9,99938E-002	0,00000E+000	-4,33084E-002	-2,99869E-001	0,00000E+000	1,40795E+003	12	...........
	295	1480	4,32194E-001	-9,99930E-002	0,00000E+000	-4,32164E-002	-2,99869E-001	0,00000E+000	1,40790E+003	12	...........
	296	1485	4,31516E-001	-9,99938E-002	0,00000E+000	-4,31489E-002	-2,99869E-001	0,00000E+000	1,40793E+003	12	...........
	297	1490	4,31697E-001	-9,99942E-002	0,00000E+000	-4,31672E-002	-2,99869E-001	0,00000E+000	1,40783E+003	12	...........
	298	1495	4,31987E-001	-9,99943E-002	0,00000E+000	-4,31962E-002	-2,99869E-001	0,00000E+000	1,40791E+003	12	...........
	299	1500	4,30885E-001	-9,99943E-002	0,00000E+000	-4,30861E-002	-2,99869E-001	0,00000E+000	1,40783E+003	12	...........
	300	1505	4,30219E-001	-9,99938E-002	0,00000E+000	-4,30192E-002	-2,99869E-001	0,00000E+000	1,40789E+003	12	...........
	301	1510	4,29818E-001	-9,99940E-002	0,00000E+000	-4,29792E-002	-2,99869E-001	0,00000E+000	1,40780E+003	12	...........
	302	1515	4,29568E-001	-9,99934E-002	0,00000E+000	-4,29540E-002	-2,99869E-001	0,00000E+000	1,40785E+003	12	...........
	303	1520	4,29640E-001	-9,99941E-002	0,00000E+000	-4,29615E-002	-2,99869E-001	0,00000E+000	1,40794E+003	12	...........
	304	1525	4,29214E-001	-9,99942E-002	0,00000E+000	-4,29189E-002	-2,99869E-001	0,00000E+000	1,40784E+003	12	...........
	305	1530	4,28444E-001	-9,99933E-002	0,00000E+000	-4,28415E-002	-2,99869E-001	0,00000E+000	1,40783E+003	12	...........
	306	1535	4,27707E-001	-9,99931E-002	0,00000E+000	-4,27677E-002	-2,99869E-001	0,00000E+000	1,40780E+003	12	...........
	307	1540	4,26742E-001	-9,99930E-002	0,00000E+000	-4,26712E-002	-2,99869E-001	0,00000E+000	1,40791E+003	12	...........
	308	1545	4,26581E-001	-9,99932E-002	0,00000E+000	-4,26552E-002	-2,99869E-001	0,00000E+000	1,40785E+003	12	...........
	309	1550	4,26779E-001	-9,99941E-002	0,00000E+000	-4,26754E-002	-2,99869E-001	0,00000E+000	1,40791E+003	12	...........
	310	1555	4,26760E-001	-9,99935E-002	0,00000E+000	-4,26732E-002	-2,99869E-001	0,00000E+000	1,40789E+003	12	...........
	311	1560	4,26298E-001	-9,99944E-002	0,00000E+000	-4,26274E-002	-2,99869E-001	0,00000E+000	1,40788E+003	12	...........
	312	1565	4,25349E-001	-9,99938E-002	0,00000E+000	-4,25322E-002	-2,99869E-001	0,00000E+000	1,40786E+003	12	...........
	313	1570	4,24423E-001	-9,99935E-002	0,00000E+000	-4,24395E-002	-2,99869E-001	0,00000E+000	1,40783E+003	12	...........
	314	1575	4,23952E-001	-9,99941E-002	0,00000E+000	-4,23927E-002	-2,99869E-001	0,00000E+000	1,40780E+003	12	...........
	315	1580	4,23871E-001	-9,99929E-002	0,00000E+000	-4,23841E-002	-2,99869E-001	0,00000E+000	1,40780E+003	12	...........
	316	1585	4,23428E-001	-9,99932E-002	0,00000E+000	-4,23400E-002	-2,99869E-001	0,00000E+000	1,40780E+003	12	...........
	317	1590	4,22890E-001	-9,99931E-002	0,00000E+000	-4,22861E-002	-2,99869E-001	0,00000E+000	1,40782E+003	12	...........
	318	1595	4,22617E-001	-9,99940E-002	0,00000E+000	-4,22592E-002	-2,99869E-001	0,00000E+000	1,40780E+003	12	...........
	319	1600	4,21328E-001	-9,99930E-002	0,00000E+000	-4,21299E-002	-2,99869E-001	0,00000E+000	1,40780E+003	12	...........
	320	1605	4,20641E-001	-9,99939E-002	0,00000E+000	-4,20615E-002	-2,99869E-001	0,00000E+000	1,40780E+003	12	...........
	321	1610	4,21308E-001	-9,99939E-002	0,00000E+000	-4,21282E-002	-2,99869E-001	0,00000E+000	1,40780E+003	12	...........
	322	1615	4,21180E-001	-9,99944E-002	0,00000E+000	-4,21157E-002	-2,99869E-001	0,00000E+000	1,40780E+003	12	...........
	323	1620	4,20003E-001	-9,99939E-002	0,00000E+000	-4,19978E-002	-2,99869E-001	0,00000E+000	1,40780E+003	12	...........
	324	1625	4,19171E-001	-9,99928E-002	0,00000E+000	-4,19141E-002	-2,99869E-001	0,00000E+000	1,40780E+003	12	...........
	325	1630	4,18144E-001	-9,99934E-002	0,00000E+000	-4,18116E-002	-2,99869E-001	0,00000E+000	1,40780E+003	12	...........
	326	1635	4,18012E-001	-9,99939E-002	0,00000E+000	-4,17987E-002	-2,99869E-001	0,00000E+000	1,40780E+003	12	...........
	327	1640	4,18413E-001	-9,99938E-002	0,00000E+000	-4,18387E-002	-2,99869E-001	0,00000E+000	1,40780E+003	12	...........
	328	1645	4,17826E-001	-9,99942E-002	0,00000E+000	-4,17802E-002	-2,99869E-001	0,00000E+000	1,40780E+003	12	...........
	329	1650	4,16907E-001	-9,99935E-002	0,00000E+000	-4,16880E-002	-2,99869E-001	0,00000E+000	1,40780E+003	12	...........
	330	1655	4,16161E-001	-9,99935E-002	0,00000E+000	-4,16133E-002	-2,99869E-001	0,00000E+000	1,40780E+003	12	...........
	331	1660	4,15294E-001	-9,99935E-002	0,00000E+000	-4,15266E-002	-2,99869E-001	0,00000E+000	1,40780E+003	12	...........
	332	1665	4,14464E-001	-9,99938E-002	0,00000E+000	-4,14438E-002	-2,99869E-001	0,00000E+000	1,40780E+003	12	...........
	333	1670	4,14840E-001	-9,99937E-002	0,00000E+000	-4,14814E-002	-2,99869E-001	0,00000E+000	1,40780E+003	12	...........
	334	1675	4,14717E-001	-9,99936E-002	0,00000E+000	-4,14691E-002	-2,99869E-001	0,00000E+000	1,40780E+003	12	...........
	335	1680	4,13943E-001	-9,99944E-002	0,00000E+000	-4,13920E-002	-2,99869E-001	0,00000E+000	1,40780E+003	12	...........
	336	1685	4,12890E-001	-9,99935E-002	0,00000E+000	-4,12863E-002	-2,99869E-001	0,00000E+000	1,40780E+003	12	...........
	337	1690	4,11754E-001	-9,99937E-002	0,00000E+000	-4,11728E-002	-2,99869E-001	0,00000E+000	1,40780E+003	12	...........
	338	1695	4,11412E-001	-9,99943E-002	0,00000E+000	-4,11388E-002	-2,99869E-001	0,00000E+000	1,40780E+003	12	...........
	339	1700	4,11962E-001	-9,99938E-002	0,00000E+000	-4,11937E-002	-2,99869E-001	0,00000E+000	1,40780E+003	12	...........
	340	1705	4,12221E-001	-9,99944E-002	0,00000E+000	-4,12198E-002	-2,99869E-001	0,00000E+000	1,40780E+003	12	...........
	341	1710	4,10795E-001	-9,99937E-002	0,00000E+000	-4,10769E-002	-2,99869E-001	0,00000E+000	1,40780E+003	12	...........
	342	1715	4,09401E-001	-9,99932E-002	0,00000E+000	-4,09373E-002	-2,99869E-001	0,00000E+000	1,40780E+003	12	...........
	343	1720	4,08562E-001	-9,99939E-002	0,00000E+000	-4,08537E-002	-2,99869E-001	0,00000E+000	1,40780E+003	12	...........
	344	1725	4,08167E-001	-9,99938E-002	0,00000E+000	-4,08142E-002	-2,99869E-001	0,00000E+000	1,40780E+003	12	...........
	345	1730	4,08705E-001	-9,99942E-002	0,00000E+000	-4,08681E-002	-2,99869E-001	0,00000E+000	1,40780E+003	12	...........
	346	1735	4,08155E-001	-9,99932E-002	0,00000E+000	-4,08128E-002	-2,99869E-001	0,00000E+000	1,40780E+003	12	...........
	347	1740	4,07732E-001	-9,99934E-002	0,00000E+000	-4,07705E-002	-2,99869E-001	0,00000E+000	1,40780E+003	12	...........
	348	1745	4,06251E-001	-9,99934E-002	0,00000E+000	-4,06224E-002	-2,99869E-001	0,00000E+000	1,40780E+003	12	...........
	349	1750	4,05135E-001	-9,99937E-002	0,00000E+000	-4,05109E-002	-2,99869E-001	0,00000E+000	1,40780E+003	12	...........
	350	1755	4,04860E-001	-9,99931E-002	0,00000E+000	-4,04832E-002	-2,99869E-001	0,00000E+000	1,40786E+003	12	...........
	351	1760	4,05146E-001	-9,99932E-002	0,00000E+000	-4,05119E-002	-2,99869E-001	0,00000E+000	1,40789E+003	12	...........
	352	1765	4,04871E-001	-9,99934E-002	0,00000E+000	-4,04845E-002	-2,99869E-001	0,00000E+000	1,40780E+003	12	...........
	353	1770	4,04046E-001	-9,99934E-002	0,00000E+000	-4,04020E-002	-2,99869E-001	0,00000E+000	1,40784E+003	12	...........
	354	1775	4,02709E-001	-9,99928E-002	0,00000E+000	-4,02680E-002	-2,99869E-001	0,00000E+000	1,40780E+003	12	...........
	355	1780	4,02081E-001	-9,99930E-002	0,00000E+000	-4,02053E-002	-2,99869E-001	0,00000E+000	1,40780E+003	12	...........
	356	1785	4,01501E-001	-9,99938E-002	0,00000E+000	-4,01476E-002	-2,99869E-001	0,00000E+000	1,40784E+003	12	...........
	357	1790	4,01114E-001	-9,99934E-002	0,00000E+000	-4,01088E-002	-2,99869E-001	0,00000E+000	1,40780E+003	12	...........
	358	1795	4,01412E-001	-9,99935E-002	0,00000E+000	-4,01385E-002	-2,99869E-001	0,00000E+000	1,40782E+003	12	...........
	359	1800	4,00383E-001	-9,99931E-002	0,00000E+000	-4,00356E-002	-2,99869E-001	0,00000E+000	1,40780E+003	12	...........
	360	1805	3,99440E-001	-9,99935E-002	0,00000E+000	-3,99414E-002	-2,99869E-001	0,00000E+000	1,40780E+003	12	...........
	361	1810	3,98285E-001	-9,99941E-002	0,00000E+000	-3,98261E-002	-2,99869E-001	0,00000E+000	1,40780E+003	12	...........
	362	1815	3,96927E-001	-9,99936E-002	0,00000E+000	-3,96902E-002	-2,99869E-001	0,00000E+000	1,40780E+003	12	...........
	363	1820	3,97473E-001	-9,99936E-002	0,00000E+000	-3,97447E-002	-2,99869E-001	0,00000E+000	1,40780E+003	12	...........
	364	1825	3,97437E-001	-9,99937E-002	0,00000E+000	-3,97412E-002	-2,99869E-001	0,00000E+000	1,40780E+003	12	...........
	365	1830	3,96898E-001	-9,99933E-002	0,00000E+000	-3,96872E-002	-2,99869E-001	0,00000E+000	1,40780E+003	12	...........
	366	1835	3,95763E-001	-9,99936E-002	0,00000E+000	-3,95738E-002	-2,99869E-001	0,00000E+000	1,40780E+003	12	...........
	367	1840	3,94457E-001	-9,99933E-002	0,00000E+000	-3,94431E-002	-2,99869E-001	0,00000E+000	1,40780E+003	12	...........
	368	1845	3,93880E-001	-9,99941E-002	0,00000E+000	-3,93856E-002	-2,99869E-001	0,00000E+000	1,40780E+003	12	...........
	369	1850	3,93999E-001	-9,99942E-002	0,00000E+000	-3,93976E-002	-2,99869E-001	0,00000E+000	1,40780E+003	12	...........
	370	1855	3,94174E-001	-9,99932E-002	0,00000E+000	-3,94147E-002	-2,99869E-001	0,00000E+000	1,40780E+003	12	...........
	371	1860	3,93275E-001	-9,99934E-002	0,00000E+000	-3,93249E-002	-2,99869E-001	0,00000E+000	1,40780E+003	12	...........
	372	1865	3,91364E-001	-9,99929E-002	0,00000E+000	-3,91336E-002	-2,99869E-001	0,00000E+000	1,40780E+003	12	...........
	373	1870	3,90701E-001	-9,99942E-002	0,00000E+000	-3,90678E-002	-2,99869E-001	0,00000E+000	1,40780E+003	12	...........
	374	1875	3,90297E-001	-9,99934E-002	0,00000E+000	-3,90272E-002	-2,99869E-001	0,00000E+000	1,40780E+003	12	...........
	375	1880	3,90197E-001	-9,99933E-002	0,00000E+000	-3,90171E-002	-2,99869E-001	0,00000E+000	1,40780E+003	12	...........
	376	1885	3,89756E-001	-9,99941E-002	0,00000E+000	-3,89733E-002	-2,99869E-001	0,00000E+000	1,40783E+003	12	...........
	377	1890	3,88615E-001	-9,99932E-002	0,00000E+000	-3,88589E-002	-2,99869E-001	0,00000E+000	1,40780E+003	12	...........
	378	1895	3,87408E-001	-9,99926E-002	0,00000E+000	-3,87379E-002	-2,99869E-001	0,00000E+000	1,40780E+003	12	...........
	379	1900	3,86080E-001	-9,99936E-002	0,00000E+000	-3,86055E-002	-2,99869E-001	0,00000E+000	1,40780E+003	12	...........
	380	1905	3,85447E-001	-9,99936E-002	0,00000E+000	-3,85422E-002	-2,99869E-001	0,00000E+000	1,40780E+003	12	...........
	381	1910	3,86053E-001	-9,99929E-002	0,00000E+000	-3,86025E-002	-2,99869E-001	0,00000E+000	1,40780E+003	12	...........
	382	1915	3,85064E-001	-9,99932E-002	0,00000E+000	-3,85037E-002	-2,99869E-001	0,00000E+000	1,40780E+003	12	...........
	383	1920	3,84249E-001	-9,99942E-002	0,00000E+000	-3,84226E-002	-2,99869E-001	0,00000E+000	1,40780E+003	12	...........
	384	1925	3,84013E-001	-9,99927E-002	0,00000E+000	-3,83985E-002	-2,99869E-001	0,00000E+000	1,40780E+003	12	...........
	385	1930	3,82315E-001	-9,99938E-002	0,00000E+000	-3,82291E-002	-2,99869E-001	0,00000E+000	1,40780E+003	12	...........
	386	1935	3,81429E-001	-9,99937E-002	0,00000E+000	-3,81405E-002	-2,99869E-001	0,00000E+000	1,40780E+003	12	...........
	387	1940	3,81439E-001	-9,99940E-002	0,00000E+000	-3,81416E-002	-2,99869E-001	0,00000E+000	1,40780E+003	12	...........
	388	1945	3,81190E-001	-9,99936E-002	0,00000E+000	-3,81166E-002	-2,99869E-001	0,00000E+000	1,40780E+003	12	...........
	389	1950	3,80143E-001	-9,99932E-002	0,00000E+000	-3,80117E-002	-2,99869E-001	0,00000E+000	1,40780E+003	12	...........
	390	1955	3,78859E-001	-9,99929E-002	0,00000E+000	-3,78832E-002	-2,99869E-001	0,00000E+000	1,40780E+003	12	...........
	391	1960	3,77599E-001	-9,99933E-002	0,00000E+000	-3,77574E-002	-2,99869E-001	0,00000E+000	1,40780E+003	12	...........
	392	1965	3,77235E-001	-9,99934E-002	0,00000E+000	-3,77210E-002	-2,99869E-001	0,00000E+000	1,40780E+003	12	...........
	393	1970	3,77635E-001	-9,99936E-002	0,00000E+000	-3,77611E-002	-2,99869E-001	0,00000E+000	1,40780E+003	12	...........
	394	1975	3,77480E-001	-9,99938E-002	0,00000E+000	-3,77456E-002	-2,99869E-001	0,00000E+000	1,40780E+003	12	...........
	395	1980	3,76046E-001	-9,99935E-002	0,00000E+000	-3,76021E-002	-2,99869E-001	0,00000E+000	1,40780E+003	12	...........
	396	1985	3,74285E-001	-9,99930E-002	0,00000E+000	-3,74259E-002	-2,99869E-001	0,00000E+000	1,40780E+003	12	...........
	397	1990	3,73344E-001	-9,99938E-002	0,00000E+000	-3,73321E-002	-2,99869E-001	0,00000E+000	1,40780E+003	12	...........
	398	1995	3,72872E-001	-9,99939E-002	0,00000E+000	-3,72850E-002	-2,99869E-001	0,00000E+000	1,40780E+003	12	...........
	399	2000	3,72806E-001	-9,99934E-002	0,00000E+000	-3,72781E-002	-2,99869E-001	0,00000E+000	1,40780E+003	12	...........
	400	2005	3,72830E-001	-9,99942E-002	0,00000E+000	-3,72808E-002	-2,99869E-001	0,00000E+000	1,40780E+003	12	...........
	401	2010	3,70874E-001	-9,99937E-002	0,00000E+000	-3,70851E-002	-2,99869E-001	0,00000E+000	1,40780E+003	12	...........
	402	2015	3,69679E-001	-9,99939E-002	0,00000E+000	-3,69656E-002	-2,99869E-001	0,00000E+000	1,40780E+003	12	...........
	403	2020	3,68753E-001	-9,99931E-002	0,00000E+000	-3,68728E-002	-2,99869E-001	0,00000E+000	1,40780E+003	12	...........
	404	2025	3,67790E-001	-9,99929E-002	0,00000E+000	-3,67764E-002	-2,99869E-001	0,00000E+000	1,40780E+003	12	...........
	405	2030	3,68172E-001	-9,99935E-002	0,00000E+000	-3,68148E-002	-2,99869E-001	0,00000E+000	1,40780E+003	12	...........
	406	2035	3,67714E-001	-9,99933E-002	0,00000E+000	-3,67689E-002	-2,99869E-001	0,00000E+000	1,40780E+003	12	...........
	407	2040	3,66463E-001	-9,99940E-002	0,00000E+000	-3,66441E-002	-2,99869E-001	0,00000E+000	1,40780E+003	12	...........
	408	2045	3,65026E-001	-9,99927E-002	0,00000E+000	-3,65000E-002	-2,99869E-001	0,00000E+000	1,40780E+003	12	...........
	409	2050	3,64019E-001	-9,99935E-002	0,00000E+000	-3,63996E-002	-2,99869E-001	0,00000E+000	1,40780E+003	12	...........
	410	2055	3,63306E-001	-9,99942E-002	0,00000E+000	-3,63286E-002	-2,99869E-001	0,00000E+000	1,40780E+003	12	...........
	411	2060	3,63544E-001	-9,99942E-002	0,00000E+000	-3,63523E-002	-2,99869E-001	0,00000E+000	1,40780E+003	12	...........
	412	2065	3,63427E-001	-9,99937E-002	0,00000E+000	-3,63405E-002	-2,99869E-001	0,00000E+000	1,40780E+003	12	...........
	413	2070	3,61968E-001	-9,99937E-002	0,00000E+000	-3,61945E-002	-2,99869E-001	0,00000E+000	1,40780E+003	12	...........
	414	2075	3,60209E-001	-9,99936E-002	0,00000E+000	-3,60186E-002	-2,99869E-001	0,00000E+000	1,40780E+003	12	...........
	415	2080	3,59251E-001	-9,99934E-002	0,00000E+000	-3,59228E-002	-2,99869E-001	0,00000E+000	1,40780E+003	12	...........
	416	2085	3,59097E-001	-9,99945E-002	0,00000E+000	-3,59077E-002	-2,99869E-001	0,00000E+000	1,40780E+003	12	...........
	417	2090	3,58969E-001	-9,99940E-002	0,00000E+000	-3,58947E-002	-2,99869E-001	0,00000E+000	1,40780E+003	12	...........
	418	2095	3,58195E-001	-9,99937E-002	0,00000E+000	-3,58172E-002	-2,99869E-001	0,00000E+000	1,40780E+003	12	...........
	419	2100	3,57066E-001	-9,99937E-002	0,00000E+000	-3,57044E-002	-2,99869E-001	0,00000E+000	1,40780E+003	12	...........
	420	2105	3,55834E-001	-9,99938E-002	0,00000E+000	-3,55812E-002	-2,99869E-001	0,00000E+000	1,40780E+003	12	...........
	421	2110	3,54533E-001	-9,99940E-002	0,00000E+000	-3,54511E-002	-2,99869E-001	0,00000E+000	1,40780E+003	12	...........
	422	2115	3,53452E-001	-9,99935E-002	0,00000E+000	-3,53429E-002	-2,99869E-001	0,00000E+000	1,40780E+003	12	...........
	423	2120	3,53558E-001	-9,99944E-002	0,00000E+000	-3,53538E-002	-2,99869E-001	0,00000E+000	1,40780E+003	12	...........
	424	2125	3,53853E-001	-9,99941E-002	0,00000E+000	-3,53832E-002	-2,99869E-001	0,00000E+000	1,40780E+003	12	...........
	425	2130	3,51926E-001	-9,99945E-002	0,00000E+000	-3,51907E-002	-2,99869E-001	0,00000E+000	1,40780E+003	12	...........
	426	2135	3,50335E-001	-9,99939E-002	0,00000E+000	-3,50314E-002	-2,99869E-001	0,00000E+000	1,40780E+003	12	...........
	427	2140	3,49237E-001	-9,99941E-002	0,00000E+000	-3,49216E-002	-2,99869E-001	0,00000E+000	1,40780E+003	12	...........
	428	2145	3,48400E-001	-9,99942E-002	0,00000E+000	-3,48379E-002	-2,99869E-001	0,00000E+000	1,40780E+003	12	...........
	429	2150	3,49094E-001	-9,99928E-002	0,00000E+000	-3,49068E-002	-2,99869E-001	0,00000E+000	1,40780E+003	12	...........
	430	2155	3,48720E-001	-9,99934E-002	0,00000E+000	-3,48696E-002	-2,99869E-001	0,00000E+000	1,40780E+003	12	...........
	431	2160	3,46983E-001	-9,99938E-002	0,00000E+000	-3,46962E-002	-2,99869E-001	0,00000E+000	1,40780E+003	12	...........
	432	2165	3,45806E-001	-9,99940E-002	0,00000E+000	-3,45785E-002	-2,99869E-001	0,00000E+000	1,40780E+003	12	...........
	433	2170	3,44215E-001	-9,99935E-002	0,00000E+000	-3,44193E-002	-2,99869E-001	0,00000E+000	1,40782E+003	12	...........
	434	2175	3,43404E-001	-9,99940E-002	0,00000E+000	-3,43384E-002	-2,99869E-001	0,00000E+000	1,40780E+003	12	...........
	435	2180	3,43857E-001	-9,99938E-002	0,00000E+000	-3,43836E-002	-2,99869E-001	0,00000E+000	1,40780E+003	12	...........
	436	2185	3,43365E-001	-9,99936E-002	0,00000E+000	-3,43343E-002	-2,99869E-001	0,00000E+000	1,40780E+003	12	...........
	437	2190	3,41703E-001	-9,99929E-002	0,00000E+000	-3,41678E-002	-2,99869E-001	0,00000E+000	1,40780E+003	12	...........
	438	2195	3,40608E-001	-9,99932E-002	0,00000E+000	-3,40585E-002	-2,99869E-001	0,00000E+000	1,40780E+003	12	...........
	439	2200	3,39568E-001	-9,99932E-002	0,00000E+000	-3,39545E-002	-2,99869E-001	0,00000E+000	1,40780E+003	12	...........
	440	2205	3,38381E-001	-9,99934E-002	0,00000E+000	-3,38359E-002	-2,99869E-001	0,00000E+000	1,40780E+003	12	...........
	441	2210	3,38042E-001	-9,99932E-002	0,00000E+000	-3,38019E-002	-2,99869E-001	0,00000E+000	1,40780E+003	12	...........
	442	2215	3,38054E-001	-9,99934E-002	0,00000E+000	-3,38032E-002	-2,99869E-001	0,00000E+000	1,40788E+003	12	...........
	443	2220	3,36140E-001	-9,99939E-002	0,00000E+000	-3,36119E-002	-2,99869E-001	0,00000E+000	1,40784E+003	12	...........
	444	2225	3,35175E-001	-9,99935E-002	0,00000E+000	-3,35153E-002	-2,99869E-001	0,00000E+000	1,40780E+003	12	...........
	445	2230	3,33554E-001	-9,99936E-002	0,00000E+000	-3,33532E-002	-2,99869E-001	0,00000E+000	1,40780E+003	12	...........
	446	2235	3,32706E-001	-9,99933E-002	0,00000E+000	-3,32684E-002	-2,99869E-001	0,00000E+000	1,40780E+003	12	...........
	447	2240	3,32996E-001	-9,99936E-002	0,00000E+000	-3,32975E-002	-2,99869E-001	0,00000E+000	1,40780E+003	12	...........
	448	2245	3,32335E-001	-9,99934E-002	0,00000E+000	-3,32313E-002	-2,99869E-001	0,00000E+000	1,40780E+003	12	...........
	449	2250	3,30822E-001	-9,99934E-002	0,00000E+000	-3,30800E-002	-2,99869E-001	0,00000E+000	1,40780E+003	12	...........
	450	2255	3,29412E-001	-9,99935E-002	0,00000E+000	-3,29391E-002	-2,99869E-001	0,00000E+000	1,40780E+003	12	...........
	451	2260	3,28330E-001	-9,99931E-002	0,00000E+000	-3,28307E-002	-2,99869E-001	0,00000E+000	1,40780E+003	12	...........
	452	2265	3,27199E-001	-9,99941E-002	0,00000E+000	-3,27180E-002	-2,99869E-001	0,00000E+000	1,40780E+003	12	...........
	453	2270	3,26891E-001	-9,99931E-002	0,00000E+000	-3,26869E-002	-2,99869E-001	0,00000E+000	1,40780E+003	12	...........
	454	2275	3,26454E-001	-9,99948E-002	0,00000E+000	-3,26437E-002	-2,99869E-001	0,00000E+000	1,40780E+003	12	...........
	455	2280	3,25160E-001	-9,99938E-002	0,00000E+000	-3,25140E-002	-2,99869E-001	0,00000E+000	1,40780E+003	12	...........
	456	2285	3,23621E-001	-9,99937E-002	0,00000E+000	-3,23601E-002	-2,99869E-001	0,00000E+000	1,40780E+003	12	...........
	457	2290	3,22391E-001	-9,99938E-002	0,00000E+000	-3,22371E-002	-2,99869E-001	0,00000E+000	1,40780E+003	12	...........
	458	2295	3,21654E-001	-9,99938E-002	0,00000E+000	-3,21634E-002	-2,99869E-001	0,00000E+000	1,40780E+003	12	...........
	459	2300	3,21513E-001	-9,99949E-002	0,00000E+000	-3,21497E-002	-2,99869E-001	0,00000E+000	1,40780E+003	12	...........
	460	2305	3,20548E-001	-9,99945E-002	0,00000E+000	-3,20530E-002	-2,99869E-001	0,00000E+000	1,40780E+003	12	...........
	461	2310	3,19534E-001	-9,99943E-002	0,00000E+000	-3,19516E-002	-2,99869E-001	0,00000E+000	1,40780E+003	12	...........
	462	2315	3,18233E-001	-9,99946E-002	0,00000E+000	-3,18216E-002	-2,99869E-001	0,00000E+000	1,40780E+003	12	...........
	463	2320	3,16812E-001	-9,99942E-002	0,00000E+000	-3,16794E-002	-2,99869E-001	0,00000E+000	1,40780E+003	12	...........
	464	2325	3,16060E-001	-9,99940E-002	0,00000E+000	-3,16041E-002	-2,99869E-001	0,00000E+000	1,40780E+003	12	...........
	465	2330	3,15797E-001	-9,99944E-002	0,00000E+000	-3,15779E-002	-2,99869E-001	0,00000E+000	1,40780E+003	12	...........
	466	2335	3,15263E-001	-9,99938E-002	0,00000E+000	-3,15243E-002	-2,99869E-001	0,00000E+000	1,40780E+003	12	...........
	467	2340	3,13804E-001	-9,99943E-002	0,00000E+000	-3,13786E-002	-2,99869E-001	0,00000E+000	1,40780E+003	12	...........
	468	2345	3,12106E-001	-9,99945E-002	0,00000E+000	-3,12089E-002	-2,99869E-001	0,00000E+000	1,40780E+003	12	...........
	469	2350	3,10857E-001	-9,99940E-002	0,00000E+000	-3,10838E-002	-2,99869E-001	0,00000E+000	1,40780E+003	12	...........
	470	2355	3,10045E-001	-9,99937E-002	0,00000E+000	-3,10025E-002	-2,99869E-001	0,00000E+000	1,40780E+003	12	...........
	471	2360	3,09919E-001	-9,99940E-002	0,00000E+000	-3,09900E-002	-2,99869E-001	0,00000E+000	1,40780E+003	12	...........
	472	2365	3,09734E-001	-9,99940E-002	0,00000E+000	-3,09715E-002	-2,99869E-001	0,00000E+000	1,40780E+003	12	...........
	473	2370	3,07903E-001	-9,99938E-002	0,00000E+000	-3,07884E-002	-2,99869E-001	0,00000E+000	1,40780E+003	12	...........
	474	2375	3,06265E-001	-9,99943E-002	0,00000E+000	-3,06248E-002	-2,99869E-001	0,00000E+000	1,40780E+003	12	...........
	475	2380	3,05465E-001	-9,99942E-002	0,00000E+000	-3,05447E-002	-2,99869E-001	0,00000E+000	1,40780E+003	12	...........
	476	2385	3,04649E-001	-9,99937E-002	0,00000E+000	-3,04630E-002	-2,99869E-001	0,00000E+000	1,40780E+003	12	...........
	477	2390	3,03904E-001	-9,99946E-002	0,00000E+000	-3,03888E-002	-2,99869E-001	0,00000E+000	1,40780E+003	12	...........
	478	2395	3,03480E-001	-9,99942E-002	0,00000E+000	-3,03463E-002	-2,99869E-001	0,00000E+000	1,40780E+003	12	...........
	479	2400	3,01521E-001	-9,99939E-002	0,00000E+000	-3,01502E-002	-2,99869E-001	0,00000E+000	1,40780E+003	12	...........
	480	2405	3,00248E-001	-9,99944E-002	0,00000E+000	-3,00231E-002	-2,99869E-001	0,00000E+000	1,40780E+003	12	...........
	481	2410	2,99322E-001	-9,99943E-002	0,00000E+000	-2,99305E-002	-2,99869E-001	0,00000E+000	1,40780E+003	12	...........
	482	2415	2,98099E-001	-9,99953E-002	0,00000E+000	-2,98085E-002	-2,99869E-001	0,00000E+000	1,40780E+003	12	...........
	483	2420	2,97634E-001	-9,99946E-002	0,00000E+000	-2,97618E-002	-2,99869E-001	0,00000E+000	1,40780E+003	12	...........
	484	2425	2,97371E-001	-9,99936E-002	0,00000E+000	-2,97352E-002	-2,99869E-001	0,00000E+000	1,40780E+003	12	...........
	485	2430	2,95702E-001	-9,99946E-002	0,00000E+000	-2,95686E-002	-2,99869E-001	0,00000E+000	1,40780E+003	12	...........
	486	2435	2,94180E-001	-9,99945E-002	0,00000E+000	-2,94164E-002	-2,99869E-001	0,00000E+000	1,40780E+003	12	...........
	487	2440	2,93038E-001	-9,99939E-002	0,00000E+000	-2,93020E-002	-2,99869E-001	0,00000E+000	1,40780E+003	12	...........
	488	2445	2,92265E-001	-9,99943E-002	0,00000E+000	-2,92248E-002	-2,99869E-001	0,00000E+000	1,40780E+003	12	...........
	489	2450	2,91970E-001	-9,99941E-002	0,00000E+000	-2,91953E-002	-2,99869E-001	0,00000E+000	1,40780E+003	12	...........
	490	2455	2,91277E-001	-9,99948E-002	0,00000E+000	-2,91262E-002	-2,99869E-001	0,00000E+000	1,40780E+003	12	...........
	491	2460	2,89446E-001	-9,99940E-002	0,00000E+000	-2,89428E-002	-2,99869E-001	0,00000E+000	1,40780E+003	12	...........
	492	2465	2,88177E-001	-9,99942E-002	0,00000E+000	-2,88161E-002	-2,99869E-001	0,00000E+000	1,40780E+003	12	...........
	493	2470	2,86720E-001	-9,99946E-002	0,00000E+000	-2,86704E-002	-2,99869E-001	0,00000E+000	1,40780E+003	12	...........
	494	2475	2,85811E-001	-9,99937E-002	0,00000E+000	-2,85793E-002	-2,99869E-001	0,00000E+000	1,40780E+003	12	...........
	495	2480	2,85582E-001	-9,99943E-002	0,00000E+000	-2,85566E-002	-2,99869E-001	0,00000E+000	1,40780E+003	12	...........
	496	2485	2,85149E-001	-9,99938E-002	0,00000E+000	-2,85131E-002	-2,99869E-001	0,00000E+000	1,40780E+003	12	...........
	497	2490	2,83166E-001	-9,99945E-002	0,00000E+000	-2,83151E-002	-2,99869E-001	0,00000E+000	1,40780E+003	12	...........
	498	2495	2,81763E-001	-9,99934E-002	0,00000E+000	-2,81745E-002	-2,99869E-001	0,00000E+000	1,40780E+003	12	...........
	499	2500	2,80505E-001	-9,99946E-002	0,00000E+000	-2,80490E-002	-2,99869E-001	0,00000E+000	1,40780E+003	12	...........
	500	2505	2,79645E-001	-9,99941E-002	0,00000E+000	-2,79629E-002	-2,99869E-001	0,00000E+000	1,40780E+003	12	...........
	501	2510	2,79153E-001	-9,99949E-002	0,00000E+000	-2,79139E-002	-2,99869E-001	0,00000E+000	1,40780E+003	12	...........
	502	2515	2,78283E-001	-9,99942E-002	0,00000E+000	-2,78267E-002	-2,99869E-001	0,00000E+000	1,40780E+003	12	...........
	503	2520	2,76752E-001	-9,99948E-002	0,00000E+000	-2,76738E-002	-2,99869E-001	0,00000E+000	1,40780E+003	12	...........
	504	2525	2,75339E-001	-9,99949E-002	0,00000E+000	-2,75325E-002	-2,99869E-001	0,00000E+000	1,40780E+003	12	...........
	505	2530	2,74085E-001	-9,99939E-002	0,00000E+000	-2,74068E-002	-2,99869E-001	0,00000E+000	1,40780E+003	12	...........
	506	2535	2,73321E-001	-9,99940E-002	0,00000E+000	-2,73304E-002	-2,99869E-001	0,00000E+000	1,40780E+003	12	...........
	507	2540	2,72697E-001	-9,99948E-002	0,00000E+000	-2,72683E-002	-2,99869E-001	0,00000E+000	1,40780E+003	12	...........
	508	2545	2,71465E-001	-9,99949E-002	0,00000E+000	-2,71451E-002	-2,99869E-001	0,00000E+000	1,40780E+003	12	...........
	509	2550	2,70086E-001	-9,99948E-002	0,00000E+000	-2,70072E-002	-2,99869E-001	0,00000E+000	1,40780E+003	12	...........
	510	2555	2,69080E-001	-9,99947E-002	0,00000E+000	-2,69066E-002	-2,99869E-001	0,00000E+000	1,40780E+003	12	...........
	511	2560	2,67813E-001	-9,99942E-002	0,00000E+000	-2,67797E-002	-2,99869E-001	0,00000E+000	1,40780E+003	12	...........
	512	2565	2,66404E-001	-9,99940E-002	0,00000E+000	-2,66388E-002	-2,99869E-001	0,00000E+000	1,40780E+003	12	...........
	513	2570	2,65665E-001	-9,99954E-002	0,00000E+000	-2,65653E-002	-2,99869E-001	0,00000E+000	1,40780E+003	12	...........
	514	2575	2,64786E-001	-9,99949E-002	0,00000E+000	-2,64772E-002	-2,99869E-001	0,00000E+000	1,40780E+003	12	...........
	515	2580	2,63561E-001	-9,99948E-002	0,00000E+000	-2,63547E-002	-2,99869E-001	0,00000E+000	1,40780E+003	12	...........
	516	2585	2,62193E-001	-9,99946E-002	0,00000E+000	-2,62178E-002	-2,99869E-001	0,00000E+000	1,40780E+003	12	...........
	517	2590	2,60829E-001	-9,99942E-002	0,00000E+000	-2,60814E-002	-2,99869E-001	0,00000E+000	1,40783E+003	12	...........
	518	2595	2,59586E-001	-9,99939E-002	0,00000E+000	-2,59570E-002	-2,99869E-001	0,00000E+000	1,40776E+003	12	...........
	519	2600	2,58549E-001	-9,99941E-002	0,00000E+000	-2,58534E-002	-2,99869E-001	0,00000E+000	1,40774E+003	12	...........
	520	2605	2,57750E-001	-9,99945E-002	0,00000E+000	-2,57736E-002	-2,99869E-001	0,00000E+000	1,40790E+003	12	...........
	521	2610	2,56332E-001	-9,99935E-002	0,00000E+000	-2,56315E-002	-2,99869E-001	0,00000E+000	1,40776E+003	12	...........
	522	2615	2,54868E-001	-9,99939E-002	0,00000E+000	-2,54853E-002	-2,99869E-001	0,00000E+000	1,40788E+003	12	...........
	523	2620	2,53635E-001	-9,99938E-002	0,00000E+000	-2,53620E-002	-2,99869E-001	0,00000E+000	1,40782E+003	12	...........
	524	2625	2,52377E-001	-9,99935E-002	0,00000E+000	-2,52360E-002	-2,99869E-001	0,00000E+000	1,40786E+003	12	...........
	525	2630	2,51731E-001	-9,99942E-002	0,00000E+000	-2,51717E-002	-2,99869E-001	0,00000E+000	1,40784E+003	12	...........
	526	2635	2,50904E-001	-9,99942E-002	0,00000E+000	-2,50890E-002	-2,99869E-001	0,00000E+000	1,40789E+003	12	...........
	527	2640	2,49265E-001	-9,99931E-002	0,00000E+000	-2,49248E-002	-2,99869E-001	0,00000E+000	1,40795E+003	12	...........
	528	2645	2,47625E-001	-9,99940E-002	0,00000E+000	-2,47610E-002	-2,99869E-001	0,00000E+000	1,40790E+003	12	...........
	529	2650	2,46568E-001	-9,99921E-002	0,00000E+000	-2,46548E-002	-2,99869E-001	0,00000E+000	1,40794E+003	12	...........
	530	2655	2,45161E-001	-9,99938E-002	0,00000E+000	-2,45146E-002	-2,99869E-001	0,00000E+000	1,40800E+003	12	...........
	531	2660	2,44318E-001	-9,99927E-002	0,00000E+000	-2,44300E-002	-2,99869E-001	0,00000E+000	1,40800E+003	12	...........
	532	2665	2,43346E-001	-9,99931E-002	0,00000E+000	-2,43329E-002	-2,99869E-001	0,00000E+000	1,40805E+003	12	...........
	533	2670	2,41769E-001	-9,99926E-002	0,00000E+000	-2,41751E-002	-2,99869E-001	0,00000E+000	1,40805E+003	12	...........
	534	2675	2,40388E-001	-9,99924E-002	0,00000E+000	-2,40370E-002	-2,99869E-001	0,00000E+000	1,40805E+003	12	...........
	535	2680	2,38870E-001	-9,99928E-002	0,00000E+000	-2,38853E-002	-2,99869E-001	0,00000E+000	1,40804E+003	12	...........
	536	2685	2,37590E-001	-9,99931E-002	0,00000E+000	-2,37574E-002	-2,99869E-001	0,00000E+000	1,40805E+003	12	...........
	537	2690	2,36533E-001	-9,99929E-002	0,00000E+000	-2,36517E-002	-2,99869E-001	0,00000E+000	1,40805E+003	12	...........
	538	2695	2,35441E-001	-9,99928E-002	0,00000E+000	-2,35424E-002	-2,99869E-001	0,00000E+000	1,40805E+003	12	...........
	539	2700	2,33974E-001	-9,99925E-002	0,00000E+000	-2,33956E-002	-2,99869E-001	0,00000E+000	1,40805E+003	12	...........
	540	2705	2,32497E-001	-9,99923E-002	0,00000E+000	-2,32479E-002	-2,99869E-001	0,00000E+000	1,40805E+003	12	...........
	541	2710	2,30995E-001	-9,99924E-002	0,00000E+000	-2,30977E-002	-2,99869E-001	0,00000E+000	1,40805E+003	12	...........
	542	2715	2,29546E-001	-9,99923E-002	0,00000E+000	-2,29528E-002	-2,99869E-001	0,00000E+000	1,40805E+003	12	...........
	543	2720	2,28837E-001	-9,99930E-002	0,00000E+000	-2,28820E-002	-2,99869E-001	0,00000E+000	1,40805E+003	12	...........
	544	2725	2,27645E-001	-9,99926E-002	0,00000E+000	-2,27629E-002	-2,99869E-001	0,00000E+000	1,40805E+003	12	...........
	545	2730	2,26078E-001	-9,99928E-002	0,00000E+000	-2,26062E-002	-2,99869E-001	0,00000E+000	1,40802E+003	12	...........
	546	2735	2,24462E-001	-9,99923E-002	0,00000E+000	-2,24445E-002	-2,99869E-001	0,00000E+000	1,40805E+003	12	...........
	547	2740	2,22810E-001	-9,99924E-002	0,00000E+000	-2,22793E-002	-2,99869E-001	0,00000E+000	1,40805E+003	12	...........
	548	2745	2,21202E-001	-9,99922E-002	0,00000E+000	-2,21185E-002	-2,99869E-001	0,00000E+000	1,40804E+003	12	...........
	549	2750	2,20194E-001	-9,99929E-002	0,00000E+000	-2,20179E-002	-2,99869E-001	0,00000E+000	1,40805E+003	12	...........
	550	2755	2,18976E-001	-9,99926E-002	0,00000E+000	-2,18959E-002	-2,99869E-001	0,00000E+000	1,40802E+003	12	...........
	551	2760	2,17382E-001	-9,99929E-002	0,00000E+000	-2,17366E-002	-2,99869E-001	0,00000E+000	1,40805E+003	12	...........
	552	2765	2,15743E-001	-9,99924E-002	0,00000E+000	-2,15727E-002	-2,99869E-001	0,00000E+000	1,40805E+003	12	...........
	553	2767,59	2,14088E-001	-9,99913E-002	0,00000E+000	-2,14070E-002	-2,99869E-001	0,00000E+000	1,40810E+003	12	...........
STARTTIMEOFFSET	QUANT	257769,3	Start Time Offset (s)
