...
DATE	LABEL	23/7/2022	Date
TIME	LABEL	20:25:33	Time
...
CURVE	TABLE	10
	Pt	T	Vf	Im	Vu	Pwr	Sig	Ach	Temp	IERange	Over
	#	s	V	A	V	W	V	V	deg C	#	bits
	0	5	5,29037E-001	9,99852E-002	0,00000E+000	5,28959E-002	2,99869E-001	0,00000E+000	1,40853E+003	12	...........
	1	10	5,47292E-001	9,99853E-002	0,00000E+000	5,47212E-002	2,99869E-001	0,00000E+000	1,40850E+003	12	...........
	2	15	5,47869E-001	9,99844E-002	0,00000E+000	5,47784E-002	2,99869E-001	0,00000E+000	1,40850E+003	12	...........
	3	20	5,58129E-001	9,99851E-002	0,00000E+000	5,58046E-002	2,99869E-001	0,00000E+000	1,40850E+003	12	...........
	4	25	5,72194E-001	9,99853E-002	0,00000E+000	5,72109E-002	2,99869E-001	0,00000E+000	1,40850E+003	12	...........
	5	30	5,80528E-001	9,99846E-002	0,00000E+000	5,80438E-002	2,99869E-001	0,00000E+000	1,40850E+003	12	...........
	6	35	5,85304E-001	9,99854E-002	0,00000E+000	5,85218E-002	2,99869E-001	0,00000E+000	1,40850E+003	12	...........
	7	40	5,88845E-001	9,99840E-002	0,00000E+000	5,88750E-002	2,99869E-001	0,00000E+000	1,40850E+003	12	...........
	8	45	5,91423E-001	9,99852E-002	0,00000E+000	5,91336E-002	2,99869E-001	0,00000E+000	1,40850E+003	12	...........
	9	50	5,93607E-001	9,99848E-002	0,00000E+000	5,93516E-002	2,99869E-001	0,00000E+000	1,40850E+003	12	...........
STARTTIMEOFFSET	QUANT	27895,22	Start Time Offset (s)
