...
DATE	LABEL	23/7/2022	Date
TIME	LABEL	20:28:33	Time
...
CURVE	TABLE	10
	Pt	T	Vf	Im	Vu	Pwr	Sig	Ach	Temp	IERange	Over
	#	s	V	A	V	W	V	V	deg C	#	bits
	0	5	5,95424E-001	9,99845E-002	0,00000E+000	5,95332E-002	2,99869E-001	0,00000E+000	1,40850E+003	12	...........
	1	10	5,96632E-001	9,99852E-002	0,00000E+000	5,96544E-002	2,99869E-001	0,00000E+000	1,40850E+003	12	...........
	2	15	5,97540E-001	9,99846E-002	0,00000E+000	5,97448E-002	2,99869E-001	0,00000E+000	1,40850E+003	12	...........
	3	20	5,98243E-001	9,99848E-002	0,00000E+000	5,98152E-002	2,99869E-001	0,00000E+000	1,40850E+003	12	...........
	4	25	5,98742E-001	9,99848E-002	0,00000E+000	5,98651E-002	2,99869E-001	0,00000E+000	1,40850E+003	12	...........
	5	30	5,99127E-001	9,99842E-002	0,00000E+000	5,99032E-002	2,99869E-001	0,00000E+000	1,40850E+003	12	...........
	6	35	5,99492E-001	9,99849E-002	0,00000E+000	5,99402E-002	2,99869E-001	0,00000E+000	1,40850E+003	12	...........
	7	40	5,99767E-001	9,99848E-002	0,00000E+000	5,99676E-002	2,99869E-001	0,00000E+000	1,40850E+003	12	...........
	8	45	5,99999E-001	9,99845E-002	0,00000E+000	5,99906E-002	2,99869E-001	0,00000E+000	1,40850E+003	12	...........
	9	50	6,00180E-001	9,99851E-002	0,00000E+000	6,00090E-002	2,99869E-001	0,00000E+000	1,40850E+003	12	...........
STARTTIMEOFFSET	QUANT	27895,22	Start Time Offset (s)
