...
DATE	LABEL	24/7/2022	Date
TIME	LABEL	0:23:03	Time
...
CURVE	TABLE	20
	Pt	T	Vf	Im	Vu	Pwr	Sig	Ach	Temp	IERange	Over
	#	s	V	A	V	W	V	V	deg C	#	bits
	0	5	6,70034E-001	-1,00026E-001	0,00000E+000	-6,70208E-002	-2,99869E-001	0,00000E+000	1,40850E+003	12	...........
	1	10	6,66261E-001	-1,00025E-001	0,00000E+000	-6,66428E-002	-2,99869E-001	0,00000E+000	1,40850E+003	12	...........
	2	15	6,65023E-001	-1,00026E-001	0,00000E+000	-6,65194E-002	-2,99869E-001	0,00000E+000	1,40850E+003	12	...........
	3	20	6,63227E-001	-1,00026E-001	0,00000E+000	-6,63399E-002	-2,99869E-001	0,00000E+000	1,40850E+003	12	...........
	4	25	6,61545E-001	-1,00026E-001	0,00000E+000	-6,61718E-002	-2,99869E-001	0,00000E+000	1,40850E+003	12	...........
	5	30	6,60407E-001	-1,00026E-001	0,00000E+000	-6,60576E-002	-2,99869E-001	0,00000E+000	1,40850E+003	12	...........
	6	35	6,59379E-001	-1,00026E-001	0,00000E+000	-6,59547E-002	-2,99869E-001	0,00000E+000	1,40850E+003	12	...........
	7	40	6,58324E-001	-1,00026E-001	0,00000E+000	-6,58495E-002	-2,99869E-001	0,00000E+000	1,40850E+003	12	...........
	8	45	6,57293E-001	-1,00026E-001	0,00000E+000	-6,57463E-002	-2,99869E-001	0,00000E+000	1,40850E+003	12	...........
	9	50	6,56525E-001	-1,00026E-001	0,00000E+000	-6,56697E-002	-2,99869E-001	0,00000E+000	1,40850E+003	12	...........
	10	55	6,55650E-001	-1,00026E-001	0,00000E+000	-6,55818E-002	-2,99869E-001	0,00000E+000	1,40848E+003	12	...........
	11	60	6,54858E-001	-1,00026E-001	0,00000E+000	-6,55029E-002	-2,99869E-001	0,00000E+000	1,40850E+003	12	...........
	12	65	6,54084E-001	-1,00025E-001	0,00000E+000	-6,54247E-002	-2,99869E-001	0,00000E+000	1,40850E+003	12	...........
	13	70	6,53340E-001	-1,00026E-001	0,00000E+000	-6,53513E-002	-2,99869E-001	0,00000E+000	1,40850E+003	12	...........
	14	75	6,52686E-001	-1,00025E-001	0,00000E+000	-6,52850E-002	-2,99869E-001	0,00000E+000	1,40850E+003	12	...........
	15	80	6,51935E-001	-1,00026E-001	0,00000E+000	-6,52102E-002	-2,99869E-001	0,00000E+000	1,40850E+003	12	...........
	16	85	6,51299E-001	-1,00025E-001	0,00000E+000	-6,51465E-002	-2,99869E-001	0,00000E+000	1,40850E+003	12	...........
	17	90	6,50682E-001	-1,00026E-001	0,00000E+000	-6,50850E-002	-2,99869E-001	0,00000E+000	1,40850E+003	12	...........
	18	95	6,50078E-001	-1,00026E-001	0,00000E+000	-6,50245E-002	-2,99869E-001	0,00000E+000	1,40850E+003	12	...........
	19	100	6,49379E-001	-1,00025E-001	0,00000E+000	-6,49543E-002	-2,99869E-001	0,00000E+000	1,40850E+003	12	...........
STARTTIMEOFFSET	QUANT	42144,43	Start Time Offset (s)
